Started Pitot Tube code
2024-09-06 22:31:51.946557
Channel #1 [31, 166] [0, 0, 0, 0]
Channel #2 [31, 177] [0, 0, 0, 0]
Channel #3 [31, 140] [0, 0, 0, 0]
Channel #4 [31, 138] [0, 0, 0, 0]
Channel #5 [31, 0] [0, 0, 0, 0]
Channel #6 [31, 151] [0, 0, 0, 0]
Channel #7 [32, 180] [0, 0, 0, 0]
2024-09-06 22:31:52.440978
Channel #1 [31, 201] [0, 0, 0, 0]
Channel #2 [32, 26] [0, 0, 0, 0]
Channel #3 [31, 146] [0, 0, 0, 0]
Channel #4 [31, 155] [0, 0, 0, 0]
Channel #5 [30, 239] [0, 0, 0, 0]
Channel #6 [31, 162] [0, 0, 0, 0]
Channel #7 [32, 183] [0, 0, 0, 0]
2024-09-06 22:31:52.937170
Channel #1 [31, 195] [0, 0, 0, 0]
Channel #2 [31, 253] [0, 0, 0, 0]
Channel #3 [31, 134] [0, 0, 0, 0]
Channel #4 [31, 167] [0, 0, 0, 0]
Channel #5 [30, 250] [0, 0, 0, 0]
Channel #6 [31, 134] [0, 0, 0, 0]
Channel #7 [32, 164] [0, 0, 0, 0]
2024-09-06 22:31:53.434611
Channel #1 [31, 189] [0, 0, 0, 0]
Channel #2 [31, 215] [0, 0, 0, 0]
Channel #3 [31, 140] [0, 0, 0, 0]
Channel #4 [31, 138] [0, 0, 0, 0]
Channel #5 [30, 250] [0, 0, 0, 0]
Channel #6 [31, 146] [0, 0, 0, 0]
Channel #7 [32, 198] [0, 0, 0, 0]
2024-09-06 22:31:53.931399
Channel #1 [31, 195] [0, 0, 0, 0]
Channel #2 [31, 215] [0, 0, 0, 0]
Channel #3 [31, 152] [0, 0, 0, 0]
Channel #4 [31, 172] [0, 0, 0, 0]
Channel #5 [30, 233] [0, 0, 0, 0]
Channel #6 [31, 151] [0, 0, 0, 0]
Channel #7 [32, 177] [0, 0, 0, 0]
2024-09-06 22:31:54.428553
Channel #1 [31, 172] [0, 0, 0, 0]
Channel #2 [31, 248] [0, 0, 0, 0]
Channel #3 [31, 134] [0, 0, 0, 0]
Channel #4 [31, 132] [0, 0, 0, 0]
Channel #5 [30, 228] [0, 0, 0, 0]
Channel #6 [31, 162] [0, 0, 0, 0]
Channel #7 [32, 183] [0, 0, 0, 0]
2024-09-06 22:31:54.925990
Channel #1 [31, 195] [0, 0, 0, 0]
Channel #2 [31, 226] [0, 0, 0, 0]
Channel #3 [31, 128] [0, 0, 0, 0]
Channel #4 [31, 161] [0, 0, 0, 0]
Channel #5 [30, 212] [0, 0, 0, 0]
Channel #6 [31, 123] [0, 0, 0, 0]
Channel #7 [32, 183] [0, 0, 0, 0]
2024-09-06 22:31:55.423174
Channel #1 [31, 189] [0, 0, 0, 0]
Channel #2 [31, 231] [0, 0, 0, 0]
Channel #3 [31, 146] [0, 0, 0, 0]
Channel #4 [31, 132] [0, 0, 0, 0]
Channel #5 [30, 244] [0, 0, 0, 0]
Channel #6 [31, 151] [0, 0, 0, 0]
Channel #7 [32, 172] [0, 0, 0, 0]
2024-09-06 22:31:55.920845
Channel #1 [31, 189] [0, 0, 0, 0]
Channel #2 [31, 221] [0, 0, 0, 0]
Channel #3 [31, 158] [0, 0, 0, 0]
Channel #4 [31, 144] [0, 0, 0, 0]
Channel #5 [30, 244] [0, 0, 0, 0]
Channel #6 [31, 134] [0, 0, 0, 0]
Channel #7 [32, 175] [0, 0, 0, 0]
2024-09-06 22:31:56.417610
Channel #1 [31, 178] [0, 0, 0, 0]
Channel #2 [31, 172] [0, 0, 0, 0]
Channel #3 [31, 152] [0, 0, 0, 0]
Channel #4 [31, 144] [0, 0, 0, 0]
Channel #5 [30, 212] [0, 0, 0, 0]
Channel #6 [31, 129] [0, 0, 0, 0]
Channel #7 [32, 191] [0, 0, 0, 0]
2024-09-06 22:31:56.915283
Channel #1 [31, 166] [0, 0, 0, 0]
Channel #2 [31, 182] [0, 0, 0, 0]
Channel #3 [31, 140] [0, 0, 0, 0]
Channel #4 [31, 127] [0, 0, 0, 0]
Channel #5 [30, 222] [0, 0, 0, 0]
Channel #6 [31, 129] [0, 0, 0, 0]
Channel #7 [32, 194] [0, 0, 0, 0]
2024-09-06 22:31:57.411125
Channel #1 [31, 149] [0, 0, 0, 0]
Channel #2 [31, 188] [0, 0, 0, 0]
Channel #3 [31, 134] [0, 0, 0, 0]
Channel #4 [31, 144] [0, 0, 0, 0]
Channel #5 [30, 244] [0, 0, 0, 0]
Channel #6 [31, 134] [0, 0, 0, 0]
Channel #7 [32, 175] [0, 0, 0, 0]
2024-09-06 22:31:57.908699
Channel #1 [31, 195] [0, 0, 0, 0]
Channel #2 [31, 166] [0, 0, 0, 0]
Channel #3 [31, 152] [0, 0, 0, 0]
Channel #4 [31, 149] [0, 0, 0, 0]
Channel #5 [31, 0] [0, 0, 0, 0]
Channel #6 [31, 162] [0, 0, 0, 0]
Channel #7 [32, 172] [0, 0, 0, 0]
2024-09-06 22:31:58.405256
Channel #1 [31, 178] [0, 0, 0, 0]
Channel #2 [31, 199] [0, 0, 0, 0]
Channel #3 [31, 146] [0, 0, 0, 0]
Channel #4 [31, 155] [0, 0, 0, 0]
Channel #5 [31, 0] [0, 0, 0, 0]
Channel #6 [31, 151] [0, 0, 0, 0]
Channel #7 [32, 188] [0, 0, 0, 0]
2024-09-06 22:31:58.902796
Channel #1 [31, 201] [0, 0, 0, 0]
Channel #2 [31, 226] [0, 0, 0, 0]
Channel #3 [31, 134] [0, 0, 0, 0]
Channel #4 [31, 138] [0, 0, 0, 0]
Channel #5 [30, 233] [0, 0, 0, 0]
Channel #6 [31, 117] [0, 0, 0, 0]
Channel #7 [32, 165] [0, 0, 0, 0]
2024-09-06 22:31:59.398729
Channel #1 [31, 201] [0, 0, 0, 0]
Channel #2 [31, 215] [0, 0, 0, 0]
Channel #3 [31, 152] [0, 0, 0, 0]
Channel #4 [31, 149] [0, 0, 0, 0]
Channel #5 [30, 239] [0, 0, 0, 0]
Channel #6 [31, 129] [0, 0, 0, 0]
Channel #7 [32, 170] [0, 0, 0, 0]
2024-09-06 22:31:59.896310
Channel #1 [31, 201] [0, 0, 0, 0]
Channel #2 [31, 237] [0, 0, 0, 0]
Channel #3 [31, 152] [0, 0, 0, 0]
Channel #4 [31, 138] [0, 0, 0, 0]
Channel #5 [30, 233] [0, 0, 0, 0]
Channel #6 [31, 151] [0, 0, 0, 0]
Channel #7 [32, 181] [0, 0, 0, 0]
2024-09-06 22:32:00.393492
Channel #1 [31, 201] [0, 0, 0, 0]
Channel #2 [31, 182] [0, 0, 0, 0]
Channel #3 [31, 158] [0, 0, 0, 0]
Channel #4 [31, 138] [0, 0, 0, 0]
Channel #5 [30, 244] [0, 0, 0, 0]
Channel #6 [31, 151] [0, 0, 0, 0]
Channel #7 [32, 180] [0, 0, 0, 0]
2024-09-06 22:32:00.891302
Channel #1 [31, 172] [0, 0, 0, 0]
Channel #2 [31, 221] [0, 0, 0, 0]
Channel #3 [31, 146] [0, 0, 0, 0]
Channel #4 [31, 144] [0, 0, 0, 0]
Channel #5 [30, 250] [0, 0, 0, 0]
Channel #6 [31, 157] [0, 0, 0, 0]
Channel #7 [32, 165] [0, 0, 0, 0]
2024-09-06 22:32:01.387680
Channel #1 [31, 178] [0, 0, 0, 0]
Channel #2 [32, 3] [0, 0, 0, 0]
Channel #3 [31, 152] [0, 0, 0, 0]
Channel #4 [31, 138] [0, 0, 0, 0]
Channel #5 [30, 233] [0, 0, 0, 0]
Channel #6 [31, 157] [0, 0, 0, 0]
Channel #7 [32, 165] [0, 0, 0, 0]
2024-09-06 22:32:01.885184
Channel #1 [31, 184] [0, 0, 0, 0]
Channel #2 [31, 204] [0, 0, 0, 0]
Channel #3 [31, 140] [0, 0, 0, 0]
Channel #4 [31, 138] [0, 0, 0, 0]
Channel #5 [30, 244] [0, 0, 0, 0]
Channel #6 [31, 134] [0, 0, 0, 0]
Channel #7 [32, 184] [0, 0, 0, 0]
2024-09-06 22:32:02.383657
Channel #1 [31, 195] [0, 0, 0, 0]
Channel #2 [31, 193] [0, 0, 0, 0]
Channel #3 [31, 140] [0, 0, 0, 0]
Channel #4 [31, 161] [0, 0, 0, 0]
Channel #5 [30, 222] [0, 0, 0, 0]
Channel #6 [31, 162] [0, 0, 0, 0]
Channel #7 [32, 177] [0, 0, 0, 0]
2024-09-06 22:32:02.881175
Channel #1 [31, 178] [0, 0, 0, 0]
Channel #2 [31, 253] [0, 0, 0, 0]
Channel #3 [31, 146] [0, 0, 0, 0]
Channel #4 [31, 138] [0, 0, 0, 0]
Channel #5 [30, 239] [0, 0, 0, 0]
Channel #6 [31, 157] [0, 0, 0, 0]
Channel #7 [32, 183] [0, 0, 0, 0]
2024-09-06 22:32:03.377888
Channel #1 [31, 172] [0, 0, 0, 0]
Channel #2 [31, 193] [0, 0, 0, 0]
Channel #3 [31, 170] [0, 0, 0, 0]
Channel #4 [31, 132] [0, 0, 0, 0]
Channel #5 [30, 217] [0, 0, 0, 0]
Channel #6 [31, 157] [0, 0, 0, 0]
Channel #7 [32, 196] [0, 0, 0, 0]
2024-09-06 22:32:03.875471
Channel #1 [31, 184] [0, 0, 0, 0]
Channel #2 [31, 226] [0, 0, 0, 0]
Channel #3 [31, 146] [0, 0, 0, 0]
Channel #4 [31, 155] [0, 0, 0, 0]
Channel #5 [30, 228] [0, 0, 0, 0]
Channel #6 [31, 151] [0, 0, 0, 0]
Channel #7 [32, 168] [0, 0, 0, 0]
2024-09-06 22:32:04.371672
Channel #1 [31, 160] [0, 0, 0, 0]
Channel #2 [31, 215] [0, 0, 0, 0]
Channel #3 [31, 146] [0, 0, 0, 0]
Channel #4 [31, 155] [0, 0, 0, 0]
Channel #5 [30, 250] [0, 0, 0, 0]
Channel #6 [31, 174] [0, 0, 0, 0]
Channel #7 [32, 164] [0, 0, 0, 0]
2024-09-06 22:32:04.869220
Channel #1 [31, 189] [0, 0, 0, 0]
Channel #2 [31, 231] [0, 0, 0, 0]
Channel #3 [31, 158] [0, 0, 0, 0]
Channel #4 [31, 132] [0, 0, 0, 0]
Channel #5 [30, 239] [0, 0, 0, 0]
Channel #6 [31, 140] [0, 0, 0, 0]
Channel #7 [32, 178] [0, 0, 0, 0]
2024-09-06 22:32:05.365347
Channel #1 [31, 195] [0, 0, 0, 0]
Channel #2 [32, 3] [0, 0, 0, 0]
Channel #3 [31, 164] [0, 0, 0, 0]
Channel #4 [31, 149] [0, 0, 0, 0]
Channel #5 [30, 233] [0, 0, 0, 0]
Channel #6 [31, 151] [0, 0, 0, 0]
Channel #7 [32, 165] [0, 0, 0, 0]
2024-09-06 22:32:05.863206
Channel #1 [31, 166] [0, 0, 0, 0]
Channel #2 [31, 221] [0, 0, 0, 0]
Channel #3 [31, 152] [0, 0, 0, 0]
Channel #4 [31, 132] [0, 0, 0, 0]
Channel #5 [30, 201] [0, 0, 0, 0]
Channel #6 [31, 151] [0, 0, 0, 0]
Channel #7 [32, 187] [0, 0, 0, 0]
2024-09-06 22:32:06.359821
Channel #1 [31, 178] [0, 0, 0, 0]
Channel #2 [31, 242] [0, 0, 0, 0]
Channel #3 [31, 158] [0, 0, 0, 0]
Channel #4 [31, 138] [0, 0, 0, 0]
Channel #5 [30, 239] [0, 0, 0, 0]
Channel #6 [31, 151] [0, 0, 0, 0]
Channel #7 [32, 172] [0, 0, 0, 0]
2024-09-06 22:32:06.858614
Channel #1 [31, 166] [0, 0, 0, 0]
Channel #2 [31, 237] [0, 0, 0, 0]
Channel #3 [31, 158] [0, 0, 0, 0]
Channel #4 [31, 144] [0, 0, 0, 0]
Channel #5 [30, 250] [0, 0, 0, 0]
Channel #6 [31, 140] [0, 0, 0, 0]
Channel #7 [32, 180] [0, 0, 0, 0]
2024-09-06 22:32:07.355019
Channel #1 [31, 184] [0, 0, 0, 0]
Channel #2 [31, 242] [0, 0, 0, 0]
Channel #3 [31, 146] [0, 0, 0, 0]
Channel #4 [31, 127] [0, 0, 0, 0]
Channel #5 [30, 239] [0, 0, 0, 0]
Channel #6 [31, 162] [0, 0, 0, 0]
Channel #7 [32, 187] [0, 0, 0, 0]
2024-09-06 22:32:07.852469
Channel #1 [31, 149] [0, 0, 0, 0]
Channel #2 [31, 242] [0, 0, 0, 0]
Channel #3 [31, 164] [0, 0, 0, 0]
Channel #4 [31, 149] [0, 0, 0, 0]
Channel #5 [30, 239] [0, 0, 0, 0]
Channel #6 [31, 157] [0, 0, 0, 0]
Channel #7 [32, 184] [0, 0, 0, 0]
2024-09-06 22:32:08.352492
Channel #1 [31, 207] [0, 0, 0, 0]
Channel #2 [31, 199] [0, 0, 0, 0]
Channel #3 [31, 152] [0, 0, 0, 0]
Channel #4 [31, 155] [0, 0, 0, 0]
Channel #5 [30, 244] [0, 0, 0, 0]
Channel #6 [31, 151] [0, 0, 0, 0]
Channel #7 [32, 172] [0, 0, 0, 0]
2024-09-06 22:32:08.850206
Channel #1 [31, 189] [0, 0, 0, 0]
Channel #2 [31, 248] [0, 0, 0, 0]
Channel #3 [31, 140] [0, 0, 0, 0]
Channel #4 [31, 121] [0, 0, 0, 0]
Channel #5 [30, 244] [0, 0, 0, 0]
Channel #6 [31, 151] [0, 0, 0, 0]
Channel #7 [32, 174] [0, 0, 0, 0]
2024-09-06 22:32:09.346707
Channel #1 [31, 207] [0, 0, 0, 0]
Channel #2 [31, 226] [0, 0, 0, 0]
Channel #3 [31, 158] [0, 0, 0, 0]
Channel #4 [31, 127] [0, 0, 0, 0]
Channel #5 [30, 233] [0, 0, 0, 0]
Channel #6 [31, 151] [0, 0, 0, 0]
Channel #7 [32, 183] [0, 0, 0, 0]
2024-09-06 22:32:09.844151
Channel #1 [31, 166] [0, 0, 0, 0]
Channel #2 [31, 242] [0, 0, 0, 0]
Channel #3 [31, 122] [0, 0, 0, 0]
Channel #4 [31, 138] [0, 0, 0, 0]
Channel #5 [31, 0] [0, 0, 0, 0]
Channel #6 [31, 151] [0, 0, 0, 0]
Channel #7 [32, 190] [0, 0, 0, 0]
2024-09-06 22:32:10.340934
Channel #1 [31, 207] [0, 0, 0, 0]
Channel #2 [31, 199] [0, 0, 0, 0]
Channel #3 [31, 140] [0, 0, 0, 0]
Channel #4 [31, 127] [0, 0, 0, 0]
Channel #5 [31, 0] [0, 0, 0, 0]
Channel #6 [31, 146] [0, 0, 0, 0]
Channel #7 [32, 177] [0, 0, 0, 0]
2024-09-06 22:32:10.838677
Channel #1 [31, 155] [0, 0, 0, 0]
Channel #2 [31, 242] [0, 0, 0, 0]
Channel #3 [31, 146] [0, 0, 0, 0]
Channel #4 [31, 138] [0, 0, 0, 0]
Channel #5 [30, 217] [0, 0, 0, 0]
Channel #6 [31, 151] [0, 0, 0, 0]
Channel #7 [32, 172] [0, 0, 0, 0]
2024-09-06 22:32:11.336124
Channel #1 [31, 172] [0, 0, 0, 0]
Channel #2 [31, 226] [0, 0, 0, 0]
Channel #3 [31, 128] [0, 0, 0, 0]
Channel #4 [31, 144] [0, 0, 0, 0]
Channel #5 [30, 206] [0, 0, 0, 0]
Channel #6 [31, 162] [0, 0, 0, 0]
Channel #7 [32, 180] [0, 0, 0, 0]
2024-09-06 22:32:11.833411
Channel #1 [31, 195] [0, 0, 0, 0]
Channel #2 [31, 237] [0, 0, 0, 0]
Channel #3 [31, 152] [0, 0, 0, 0]
Channel #4 [31, 132] [0, 0, 0, 0]
Channel #5 [31, 5] [0, 0, 0, 0]
Channel #6 [31, 151] [0, 0, 0, 0]
Channel #7 [32, 178] [0, 0, 0, 0]
2024-09-06 22:32:12.332136
Channel #1 [31, 201] [0, 0, 0, 0]
Channel #2 [31, 182] [0, 0, 0, 0]
Channel #3 [31, 152] [0, 0, 0, 0]
Channel #4 [31, 144] [0, 0, 0, 0]
Channel #5 [30, 250] [0, 0, 0, 0]
Channel #6 [31, 146] [0, 0, 0, 0]
Channel #7 [32, 172] [0, 0, 0, 0]
2024-09-06 22:32:12.828662
Channel #1 [31, 172] [0, 0, 0, 0]
Channel #2 [31, 193] [0, 0, 0, 0]
Channel #3 [31, 134] [0, 0, 0, 0]
Channel #4 [31, 149] [0, 0, 0, 0]
Channel #5 [31, 17] [0, 0, 0, 0]
Channel #6 [31, 129] [0, 0, 0, 0]
Channel #7 [32, 178] [0, 0, 0, 0]
2024-09-06 22:32:13.325955
Channel #1 [31, 184] [0, 0, 0, 0]
Channel #2 [31, 193] [0, 0, 0, 0]
Channel #3 [31, 164] [0, 0, 0, 0]
Channel #4 [31, 138] [0, 0, 0, 0]
Channel #5 [30, 233] [0, 0, 0, 0]
Channel #6 [31, 146] [0, 0, 0, 0]
Channel #7 [32, 172] [0, 0, 0, 0]
2024-09-06 22:32:13.822529
Channel #1 [31, 189] [0, 0, 0, 0]
Channel #2 [31, 204] [0, 0, 0, 0]
Channel #3 [31, 158] [0, 0, 0, 0]
Channel #4 [31, 144] [0, 0, 0, 0]
Channel #5 [30, 250] [0, 0, 0, 0]
Channel #6 [31, 129] [0, 0, 0, 0]
Channel #7 [32, 164] [0, 0, 0, 0]
2024-09-06 22:32:14.321076
Channel #1 [31, 143] [0, 0, 0, 0]
Channel #2 [31, 237] [0, 0, 0, 0]
Channel #3 [31, 146] [0, 0, 0, 0]
Channel #4 [31, 138] [0, 0, 0, 0]
Channel #5 [30, 190] [0, 0, 0, 0]
Channel #6 [31, 129] [0, 0, 0, 0]
Channel #7 [32, 203] [0, 0, 0, 0]
2024-09-06 22:32:14.818005
Channel #1 [31, 172] [0, 0, 0, 0]
Channel #2 [31, 226] [0, 0, 0, 0]
Channel #3 [31, 146] [0, 0, 0, 0]
Channel #4 [31, 144] [0, 0, 0, 0]
Channel #5 [30, 239] [0, 0, 0, 0]
Channel #6 [31, 146] [0, 0, 0, 0]
Channel #7 [32, 165] [0, 0, 0, 0]
2024-09-06 22:32:15.315531
Channel #1 [31, 172] [0, 0, 0, 0]
Channel #2 [31, 161] [0, 0, 0, 0]
Channel #3 [31, 146] [0, 0, 0, 0]
Channel #4 [31, 144] [0, 0, 0, 0]
Channel #5 [30, 233] [0, 0, 0, 0]
Channel #6 [31, 117] [0, 0, 0, 0]
Channel #7 [32, 191] [0, 0, 0, 0]
2024-09-06 22:32:15.814098
Channel #1 [31, 184] [0, 0, 0, 0]
Channel #2 [31, 210] [0, 0, 0, 0]
Channel #3 [31, 134] [0, 0, 0, 0]
Channel #4 [31, 144] [0, 0, 0, 0]
Channel #5 [30, 244] [0, 0, 0, 0]
Channel #6 [31, 151] [0, 0, 0, 0]
Channel #7 [32, 180] [0, 0, 0, 0]
2024-09-06 22:32:16.311619
Channel #1 [31, 166] [0, 0, 0, 0]
Channel #2 [31, 182] [0, 0, 0, 0]
Channel #3 [31, 140] [0, 0, 0, 0]
Channel #4 [31, 144] [0, 0, 0, 0]
Channel #5 [30, 233] [0, 0, 0, 0]
Channel #6 [31, 151] [0, 0, 0, 0]
Channel #7 [32, 170] [0, 0, 0, 0]
2024-09-06 22:32:16.808130
Channel #1 [31, 160] [0, 0, 0, 0]
Channel #2 [31, 204] [0, 0, 0, 0]
Channel #3 [31, 146] [0, 0, 0, 0]
Channel #4 [31, 138] [0, 0, 0, 0]
Channel #5 [30, 222] [0, 0, 0, 0]
Channel #6 [31, 151] [0, 0, 0, 0]
Channel #7 [32, 184] [0, 0, 0, 0]
2024-09-06 22:32:17.305629
Channel #1 [31, 189] [0, 0, 0, 0]
Channel #2 [31, 221] [0, 0, 0, 0]
Channel #3 [31, 164] [0, 0, 0, 0]
Channel #4 [31, 115] [0, 0, 0, 0]
Channel #5 [30, 228] [0, 0, 0, 0]
Channel #6 [31, 162] [0, 0, 0, 0]
Channel #7 [32, 181] [0, 0, 0, 0]
2024-09-06 22:32:17.801981
Channel #1 [31, 149] [0, 0, 0, 0]
Channel #2 [32, 53] [0, 0, 0, 0]
Channel #3 [31, 152] [0, 0, 0, 0]
Channel #4 [31, 161] [0, 0, 0, 0]
Channel #5 [30, 233] [0, 0, 0, 0]
Channel #6 [31, 151] [0, 0, 0, 0]
Channel #7 [32, 185] [0, 0, 0, 0]
2024-09-06 22:32:18.299547
Channel #1 [31, 166] [0, 0, 0, 0]
Channel #2 [31, 199] [0, 0, 0, 0]
Channel #3 [31, 146] [0, 0, 0, 0]
Channel #4 [31, 144] [0, 0, 0, 0]
Channel #5 [30, 250] [0, 0, 0, 0]
Channel #6 [31, 157] [0, 0, 0, 0]
Channel #7 [32, 184] [0, 0, 0, 0]
2024-09-06 22:32:18.795930
Channel #1 [31, 189] [0, 0, 0, 0]
Channel #2 [31, 177] [0, 0, 0, 0]
Channel #3 [31, 152] [0, 0, 0, 0]
Channel #4 [31, 144] [0, 0, 0, 0]
Channel #5 [30, 222] [0, 0, 0, 0]
Channel #6 [31, 157] [0, 0, 0, 0]
Channel #7 [32, 171] [0, 0, 0, 0]
2024-09-06 22:32:19.293416
Channel #1 [31, 178] [0, 0, 0, 0]
Channel #2 [31, 210] [0, 0, 0, 0]
Channel #3 [31, 152] [0, 0, 0, 0]
Channel #4 [31, 155] [0, 0, 0, 0]
Channel #5 [31, 0] [0, 0, 0, 0]
Channel #6 [31, 134] [0, 0, 0, 0]
Channel #7 [32, 183] [0, 0, 0, 0]
2024-09-06 22:32:19.789383
Channel #1 [31, 178] [0, 0, 0, 0]
Channel #2 [31, 199] [0, 0, 0, 0]
Channel #3 [31, 158] [0, 0, 0, 0]
Channel #4 [31, 138] [0, 0, 0, 0]
Channel #5 [30, 244] [0, 0, 0, 0]
Channel #6 [31, 146] [0, 0, 0, 0]
Channel #7 [32, 162] [0, 0, 0, 0]
2024-09-06 22:32:20.287113
Channel #1 [31, 184] [0, 0, 0, 0]
Channel #2 [31, 226] [0, 0, 0, 0]
Channel #3 [31, 140] [0, 0, 0, 0]
Channel #4 [31, 132] [0, 0, 0, 0]
Channel #5 [30, 250] [0, 0, 0, 0]
Channel #6 [31, 168] [0, 0, 0, 0]
Channel #7 [32, 180] [0, 0, 0, 0]
2024-09-06 22:32:20.783601
Channel #1 [31, 178] [0, 0, 0, 0]
Channel #2 [31, 199] [0, 0, 0, 0]
Channel #3 [31, 146] [0, 0, 0, 0]
Channel #4 [31, 155] [0, 0, 0, 0]
Channel #5 [30, 222] [0, 0, 0, 0]
Channel #6 [31, 134] [0, 0, 0, 0]
Channel #7 [32, 196] [0, 0, 0, 0]
2024-09-06 22:32:21.281062
Channel #1 [31, 160] [0, 0, 0, 0]
Channel #2 [31, 248] [0, 0, 0, 0]
Channel #3 [31, 146] [0, 0, 0, 0]
Channel #4 [31, 121] [0, 0, 0, 0]
Channel #5 [30, 239] [0, 0, 0, 0]
Channel #6 [31, 151] [0, 0, 0, 0]
Channel #7 [32, 187] [0, 0, 0, 0]
2024-09-06 22:32:21.778452
Channel #1 [31, 178] [0, 0, 0, 0]
Channel #2 [31, 193] [0, 0, 0, 0]
Channel #3 [31, 152] [0, 0, 0, 0]
Channel #4 [31, 144] [0, 0, 0, 0]
Channel #5 [30, 206] [0, 0, 0, 0]
Channel #6 [31, 151] [0, 0, 0, 0]
Channel #7 [32, 175] [0, 0, 0, 0]
2024-09-06 22:32:22.276051
Channel #1 [31, 172] [0, 0, 0, 0]
Channel #2 [31, 215] [0, 0, 0, 0]
Channel #3 [31, 146] [0, 0, 0, 0]
Channel #4 [31, 155] [0, 0, 0, 0]
Channel #5 [30, 244] [0, 0, 0, 0]
Channel #6 [31, 134] [0, 0, 0, 0]
Channel #7 [32, 197] [0, 0, 0, 0]
2024-09-06 22:32:22.772748
Channel #1 [31, 195] [0, 0, 0, 0]
Channel #2 [31, 242] [0, 0, 0, 0]
Channel #3 [31, 140] [0, 0, 0, 0]
Channel #4 [31, 144] [0, 0, 0, 0]
Channel #5 [30, 239] [0, 0, 0, 0]
Channel #6 [31, 157] [0, 0, 0, 0]
Channel #7 [32, 177] [0, 0, 0, 0]
2024-09-06 22:32:23.270337
Channel #1 [31, 155] [0, 0, 0, 0]
Channel #2 [31, 166] [0, 0, 0, 0]
Channel #3 [31, 146] [0, 0, 0, 0]
Channel #4 [31, 132] [0, 0, 0, 0]
Channel #5 [30, 244] [0, 0, 0, 0]
Channel #6 [31, 162] [0, 0, 0, 0]
Channel #7 [32, 181] [0, 0, 0, 0]
2024-09-06 22:32:23.766688
Channel #1 [31, 189] [0, 0, 0, 0]
Channel #2 [31, 215] [0, 0, 0, 0]
Channel #3 [31, 134] [0, 0, 0, 0]
Channel #4 [31, 127] [0, 0, 0, 0]
Channel #5 [30, 239] [0, 0, 0, 0]
Channel #6 [31, 129] [0, 0, 0, 0]
Channel #7 [32, 191] [0, 0, 0, 0]
2024-09-06 22:32:24.264293
Channel #1 [31, 178] [0, 0, 0, 0]
Channel #2 [31, 161] [0, 0, 0, 0]
Channel #3 [31, 146] [0, 0, 0, 0]
Channel #4 [31, 161] [0, 0, 0, 0]
Channel #5 [30, 244] [0, 0, 0, 0]
Channel #6 [31, 146] [0, 0, 0, 0]
Channel #7 [32, 177] [0, 0, 0, 0]
2024-09-06 22:32:24.760839
Channel #1 [31, 166] [0, 0, 0, 0]
Channel #2 [31, 199] [0, 0, 0, 0]
Channel #3 [31, 146] [0, 0, 0, 0]
Channel #4 [31, 138] [0, 0, 0, 0]
Channel #5 [30, 233] [0, 0, 0, 0]
Channel #6 [31, 146] [0, 0, 0, 0]
Channel #7 [32, 178] [0, 0, 0, 0]
2024-09-06 22:32:25.258295
Channel #1 [31, 172] [0, 0, 0, 0]
Channel #2 [31, 231] [0, 0, 0, 0]
Channel #3 [31, 146] [0, 0, 0, 0]
Channel #4 [31, 144] [0, 0, 0, 0]
Channel #5 [30, 233] [0, 0, 0, 0]
Channel #6 [31, 146] [0, 0, 0, 0]
Channel #7 [32, 175] [0, 0, 0, 0]
2024-09-06 22:32:25.754977
Channel #1 [31, 213] [0, 0, 0, 0]
Channel #2 [31, 210] [0, 0, 0, 0]
Channel #3 [31, 152] [0, 0, 0, 0]
Channel #4 [31, 149] [0, 0, 0, 0]
Channel #5 [30, 228] [0, 0, 0, 0]
Channel #6 [31, 168] [0, 0, 0, 0]
Channel #7 [32, 167] [0, 0, 0, 0]
2024-09-06 22:32:26.252338
Channel #1 [31, 172] [0, 0, 0, 0]
Channel #2 [31, 182] [0, 0, 0, 0]
Channel #3 [31, 140] [0, 0, 0, 0]
Channel #4 [31, 127] [0, 0, 0, 0]
Channel #5 [30, 244] [0, 0, 0, 0]
Channel #6 [31, 140] [0, 0, 0, 0]
Channel #7 [32, 157] [0, 0, 0, 0]
2024-09-06 22:32:26.748563
Channel #1 [31, 195] [0, 0, 0, 0]
Channel #2 [31, 237] [0, 0, 0, 0]
Channel #3 [31, 146] [0, 0, 0, 0]
Channel #4 [31, 132] [0, 0, 0, 0]
Channel #5 [30, 244] [0, 0, 0, 0]
Channel #6 [31, 117] [0, 0, 0, 0]
Channel #7 [32, 185] [0, 0, 0, 0]
2024-09-06 22:32:27.246243
Channel #1 [31, 178] [0, 0, 0, 0]
Channel #2 [31, 193] [0, 0, 0, 0]
Channel #3 [31, 152] [0, 0, 0, 0]
Channel #4 [31, 132] [0, 0, 0, 0]
Channel #5 [30, 228] [0, 0, 0, 0]
Channel #6 [31, 168] [0, 0, 0, 0]
Channel #7 [32, 183] [0, 0, 0, 0]
2024-09-06 22:32:27.743269
Channel #1 [31, 137] [0, 0, 0, 0]
Channel #2 [31, 237] [0, 0, 0, 0]
Channel #3 [31, 152] [0, 0, 0, 0]
Channel #4 [31, 149] [0, 0, 0, 0]
Channel #5 [30, 217] [0, 0, 0, 0]
Channel #6 [31, 140] [0, 0, 0, 0]
Channel #7 [32, 164] [0, 0, 0, 0]
2024-09-06 22:32:28.240329
Channel #1 [31, 184] [0, 0, 0, 0]
Channel #2 [31, 193] [0, 0, 0, 0]
Channel #3 [31, 152] [0, 0, 0, 0]
Channel #4 [31, 144] [0, 0, 0, 0]
Channel #5 [30, 244] [0, 0, 0, 0]
Channel #6 [31, 134] [0, 0, 0, 0]
Channel #7 [32, 190] [0, 0, 0, 0]
2024-09-06 22:32:28.738730
Channel #1 [31, 166] [0, 0, 0, 0]
Channel #2 [31, 193] [0, 0, 0, 0]
Channel #3 [31, 152] [0, 0, 0, 0]
Channel #4 [31, 127] [0, 0, 0, 0]
Channel #5 [30, 244] [0, 0, 0, 0]
Channel #6 [31, 157] [0, 0, 0, 0]
Channel #7 [32, 197] [0, 0, 0, 0]
2024-09-06 22:32:29.235112
Channel #1 [31, 178] [0, 0, 0, 0]
Channel #2 [31, 204] [0, 0, 0, 0]
Channel #3 [31, 146] [0, 0, 0, 0]
Channel #4 [31, 155] [0, 0, 0, 0]
Channel #5 [30, 228] [0, 0, 0, 0]
Channel #6 [31, 157] [0, 0, 0, 0]
Channel #7 [32, 183] [0, 0, 0, 0]
2024-09-06 22:32:29.735193
Channel #1 [31, 195] [0, 0, 0, 0]
Channel #2 [31, 248] [0, 0, 0, 0]
Channel #3 [31, 152] [0, 0, 0, 0]
Channel #4 [31, 132] [0, 0, 0, 0]
Channel #5 [30, 244] [0, 0, 0, 0]
Channel #6 [31, 146] [0, 0, 0, 0]
Channel #7 [32, 177] [0, 0, 0, 0]
2024-09-06 22:32:30.231711
Channel #1 [31, 189] [0, 0, 0, 0]
Channel #2 [31, 204] [0, 0, 0, 0]
Channel #3 [31, 152] [0, 0, 0, 0]
Channel #4 [31, 172] [0, 0, 0, 0]
Channel #5 [30, 244] [0, 0, 0, 0]
Channel #6 [31, 140] [0, 0, 0, 0]
Channel #7 [32, 178] [0, 0, 0, 0]
2024-09-06 22:32:30.729417
Channel #1 [31, 172] [0, 0, 0, 0]
Channel #2 [31, 199] [0, 0, 0, 0]
Channel #3 [31, 164] [0, 0, 0, 0]
Channel #4 [31, 127] [0, 0, 0, 0]
Channel #5 [30, 250] [0, 0, 0, 0]
Channel #6 [31, 162] [0, 0, 0, 0]
Channel #7 [32, 157] [0, 0, 0, 0]
2024-09-06 22:32:31.226105
Channel #1 [31, 149] [0, 0, 0, 0]
Channel #2 [31, 221] [0, 0, 0, 0]
Channel #3 [31, 158] [0, 0, 0, 0]
Channel #4 [31, 138] [0, 0, 0, 0]
Channel #5 [30, 239] [0, 0, 0, 0]
Channel #6 [31, 151] [0, 0, 0, 0]
Channel #7 [32, 177] [0, 0, 0, 0]
2024-09-06 22:32:31.723698
Channel #1 [31, 195] [0, 0, 0, 0]
Channel #2 [31, 215] [0, 0, 0, 0]
Channel #3 [31, 140] [0, 0, 0, 0]
Channel #4 [31, 144] [0, 0, 0, 0]
Channel #5 [30, 250] [0, 0, 0, 0]
Channel #6 [31, 146] [0, 0, 0, 0]
Channel #7 [32, 172] [0, 0, 0, 0]
2024-09-06 22:32:32.220226
Channel #1 [31, 189] [0, 0, 0, 0]
Channel #2 [31, 188] [0, 0, 0, 0]
Channel #3 [31, 158] [0, 0, 0, 0]
Channel #4 [31, 144] [0, 0, 0, 0]
Channel #5 [30, 239] [0, 0, 0, 0]
Channel #6 [31, 140] [0, 0, 0, 0]
Channel #7 [32, 181] [0, 0, 0, 0]
2024-09-06 22:32:32.717905
Channel #1 [31, 160] [0, 0, 0, 0]
Channel #2 [31, 215] [0, 0, 0, 0]
Channel #3 [31, 140] [0, 0, 0, 0]
Channel #4 [31, 149] [0, 0, 0, 0]
Channel #5 [30, 233] [0, 0, 0, 0]
Channel #6 [31, 129] [0, 0, 0, 0]
Channel #7 [32, 175] [0, 0, 0, 0]
2024-09-06 22:32:33.214618
Channel #1 [31, 172] [0, 0, 0, 0]
Channel #2 [31, 242] [0, 0, 0, 0]
Channel #3 [31, 164] [0, 0, 0, 0]
Channel #4 [31, 149] [0, 0, 0, 0]
Channel #5 [30, 250] [0, 0, 0, 0]
Channel #6 [31, 151] [0, 0, 0, 0]
Channel #7 [32, 197] [0, 0, 0, 0]
2024-09-06 22:32:33.712184
Channel #1 [31, 189] [0, 0, 0, 0]
Channel #2 [31, 242] [0, 0, 0, 0]
Channel #3 [31, 146] [0, 0, 0, 0]
Channel #4 [31, 144] [0, 0, 0, 0]
Channel #5 [30, 217] [0, 0, 0, 0]
Channel #6 [31, 129] [0, 0, 0, 0]
Channel #7 [32, 172] [0, 0, 0, 0]
2024-09-06 22:32:34.208594
Channel #1 [31, 155] [0, 0, 0, 0]
Channel #2 [31, 193] [0, 0, 0, 0]
Channel #3 [31, 152] [0, 0, 0, 0]
Channel #4 [31, 149] [0, 0, 0, 0]
Channel #5 [30, 233] [0, 0, 0, 0]
Channel #6 [31, 134] [0, 0, 0, 0]
Channel #7 [32, 172] [0, 0, 0, 0]
2024-09-06 22:32:34.706186
Channel #1 [31, 184] [0, 0, 0, 0]
Channel #2 [31, 193] [0, 0, 0, 0]
Channel #3 [31, 158] [0, 0, 0, 0]
Channel #4 [31, 144] [0, 0, 0, 0]
Channel #5 [31, 5] [0, 0, 0, 0]
Channel #6 [31, 151] [0, 0, 0, 0]
Channel #7 [32, 190] [0, 0, 0, 0]
2024-09-06 22:32:35.202455
Channel #1 [31, 178] [0, 0, 0, 0]
Channel #2 [31, 182] [0, 0, 0, 0]
Channel #3 [31, 158] [0, 0, 0, 0]
Channel #4 [31, 132] [0, 0, 0, 0]
Channel #5 [30, 239] [0, 0, 0, 0]
Channel #6 [31, 151] [0, 0, 0, 0]
Channel #7 [32, 180] [0, 0, 0, 0]
2024-09-06 22:32:35.699989
Channel #1 [31, 195] [0, 0, 0, 0]
Channel #2 [31, 248] [0, 0, 0, 0]
Channel #3 [31, 134] [0, 0, 0, 0]
Channel #4 [31, 144] [0, 0, 0, 0]
Channel #5 [30, 239] [0, 0, 0, 0]
Channel #6 [31, 168] [0, 0, 0, 0]
Channel #7 [32, 184] [0, 0, 0, 0]
2024-09-06 22:32:36.196426
Channel #1 [31, 172] [0, 0, 0, 0]
Channel #2 [31, 199] [0, 0, 0, 0]
Channel #3 [31, 164] [0, 0, 0, 0]
Channel #4 [31, 132] [0, 0, 0, 0]
Channel #5 [30, 239] [0, 0, 0, 0]
Channel #6 [31, 134] [0, 0, 0, 0]
Channel #7 [32, 183] [0, 0, 0, 0]
2024-09-06 22:32:36.694013
Channel #1 [31, 149] [0, 0, 0, 0]
Channel #2 [31, 231] [0, 0, 0, 0]
Channel #3 [31, 146] [0, 0, 0, 0]
Channel #4 [31, 138] [0, 0, 0, 0]
Channel #5 [30, 250] [0, 0, 0, 0]
Channel #6 [31, 162] [0, 0, 0, 0]
Channel #7 [32, 178] [0, 0, 0, 0]
2024-09-06 22:32:37.189923
Channel #1 [31, 166] [0, 0, 0, 0]
Channel #2 [31, 199] [0, 0, 0, 0]
Channel #3 [31, 158] [0, 0, 0, 0]
Channel #4 [31, 132] [0, 0, 0, 0]
Channel #5 [30, 228] [0, 0, 0, 0]
Channel #6 [31, 134] [0, 0, 0, 0]
Channel #7 [32, 181] [0, 0, 0, 0]
2024-09-06 22:32:37.687485
Channel #1 [31, 178] [0, 0, 0, 0]
Channel #2 [31, 231] [0, 0, 0, 0]
Channel #3 [31, 140] [0, 0, 0, 0]
Channel #4 [31, 149] [0, 0, 0, 0]
Channel #5 [30, 222] [0, 0, 0, 0]
Channel #6 [31, 140] [0, 0, 0, 0]
Channel #7 [32, 174] [0, 0, 0, 0]
2024-09-06 22:32:38.186354
Channel #1 [31, 178] [0, 0, 0, 0]
Channel #2 [31, 210] [0, 0, 0, 0]
Channel #3 [31, 146] [0, 0, 0, 0]
Channel #4 [31, 144] [0, 0, 0, 0]
Channel #5 [30, 233] [0, 0, 0, 0]
Channel #6 [31, 151] [0, 0, 0, 0]
Channel #7 [32, 174] [0, 0, 0, 0]
2024-09-06 22:32:38.683995
Channel #1 [31, 178] [0, 0, 0, 0]
Channel #2 [31, 204] [0, 0, 0, 0]
Channel #3 [31, 140] [0, 0, 0, 0]
Channel #4 [31, 138] [0, 0, 0, 0]
Channel #5 [30, 244] [0, 0, 0, 0]
Channel #6 [31, 129] [0, 0, 0, 0]
Channel #7 [32, 174] [0, 0, 0, 0]
2024-09-06 22:32:39.182244
Channel #1 [31, 149] [0, 0, 0, 0]
Channel #2 [31, 172] [0, 0, 0, 0]
Channel #3 [31, 146] [0, 0, 0, 0]
Channel #4 [31, 127] [0, 0, 0, 0]
Channel #5 [31, 5] [0, 0, 0, 0]
Channel #6 [31, 134] [0, 0, 0, 0]
Channel #7 [32, 181] [0, 0, 0, 0]
2024-09-06 22:32:39.679709
Channel #1 [31, 189] [0, 0, 0, 0]
Channel #2 [31, 231] [0, 0, 0, 0]
Channel #3 [31, 140] [0, 0, 0, 0]
Channel #4 [31, 138] [0, 0, 0, 0]
Channel #5 [31, 0] [0, 0, 0, 0]
Channel #6 [31, 140] [0, 0, 0, 0]
Channel #7 [32, 184] [0, 0, 0, 0]
2024-09-06 22:32:40.178173
Channel #1 [31, 189] [0, 0, 0, 0]
Channel #2 [32, 14] [0, 0, 0, 0]
Channel #3 [31, 146] [0, 0, 0, 0]
Channel #4 [31, 132] [0, 0, 0, 0]
Channel #5 [30, 250] [0, 0, 0, 0]
Channel #6 [31, 146] [0, 0, 0, 0]
Channel #7 [32, 180] [0, 0, 0, 0]
2024-09-06 22:32:40.675805
Channel #1 [31, 166] [0, 0, 0, 0]
Channel #2 [31, 215] [0, 0, 0, 0]
Channel #3 [31, 146] [0, 0, 0, 0]
Channel #4 [31, 127] [0, 0, 0, 0]
Channel #5 [30, 228] [0, 0, 0, 0]
Channel #6 [31, 146] [0, 0, 0, 0]
Channel #7 [32, 193] [0, 0, 0, 0]
2024-09-06 22:32:41.172988
Channel #1 [31, 172] [0, 0, 0, 0]
Channel #2 [31, 248] [0, 0, 0, 0]
Channel #3 [31, 146] [0, 0, 0, 0]
Channel #4 [31, 167] [0, 0, 0, 0]
Channel #5 [30, 244] [0, 0, 0, 0]
Channel #6 [31, 157] [0, 0, 0, 0]
Channel #7 [32, 175] [0, 0, 0, 0]
2024-09-06 22:32:41.670703
Channel #1 [31, 172] [0, 0, 0, 0]
Channel #2 [31, 242] [0, 0, 0, 0]
Channel #3 [31, 158] [0, 0, 0, 0]
Channel #4 [31, 138] [0, 0, 0, 0]
Channel #5 [31, 0] [0, 0, 0, 0]
Channel #6 [31, 117] [0, 0, 0, 0]
Channel #7 [32, 168] [0, 0, 0, 0]
2024-09-06 22:32:42.168118
Channel #1 [31, 201] [0, 0, 0, 0]
Channel #2 [31, 166] [0, 0, 0, 0]
Channel #3 [31, 134] [0, 0, 0, 0]
Channel #4 [31, 138] [0, 0, 0, 0]
Channel #5 [30, 244] [0, 0, 0, 0]
Channel #6 [31, 140] [0, 0, 0, 0]
Channel #7 [32, 178] [0, 0, 0, 0]
2024-09-06 22:32:42.665679
Channel #1 [31, 184] [0, 0, 0, 0]
Channel #2 [31, 231] [0, 0, 0, 0]
Channel #3 [31, 128] [0, 0, 0, 0]
Channel #4 [31, 144] [0, 0, 0, 0]
Channel #5 [30, 244] [0, 0, 0, 0]
Channel #6 [31, 140] [0, 0, 0, 0]
Channel #7 [32, 178] [0, 0, 0, 0]
2024-09-06 22:32:43.164010
Channel #1 [31, 195] [0, 0, 0, 0]
Channel #2 [31, 221] [0, 0, 0, 0]
Channel #3 [31, 134] [0, 0, 0, 0]
Channel #4 [31, 149] [0, 0, 0, 0]
Channel #5 [31, 11] [0, 0, 0, 0]
Channel #6 [31, 151] [0, 0, 0, 0]
Channel #7 [32, 171] [0, 0, 0, 0]
2024-09-06 22:32:43.661525
Channel #1 [31, 166] [0, 0, 0, 0]
Channel #2 [31, 182] [0, 0, 0, 0]
Channel #3 [31, 152] [0, 0, 0, 0]
Channel #4 [31, 127] [0, 0, 0, 0]
Channel #5 [30, 233] [0, 0, 0, 0]
Channel #6 [31, 129] [0, 0, 0, 0]
Channel #7 [32, 187] [0, 0, 0, 0]
2024-09-06 22:32:44.160066
Channel #1 [31, 149] [0, 0, 0, 0]
Channel #2 [31, 215] [0, 0, 0, 0]
Channel #3 [31, 140] [0, 0, 0, 0]
Channel #4 [31, 121] [0, 0, 0, 0]
Channel #5 [30, 239] [0, 0, 0, 0]
Channel #6 [31, 157] [0, 0, 0, 0]
Channel #7 [32, 184] [0, 0, 0, 0]
2024-09-06 22:32:44.657900
Channel #1 [31, 184] [0, 0, 0, 0]
Channel #2 [31, 210] [0, 0, 0, 0]
Channel #3 [31, 158] [0, 0, 0, 0]
Channel #4 [31, 144] [0, 0, 0, 0]
Channel #5 [30, 244] [0, 0, 0, 0]
Channel #6 [31, 162] [0, 0, 0, 0]
Channel #7 [32, 184] [0, 0, 0, 0]
2024-09-06 22:32:45.155621
Channel #1 [31, 172] [0, 0, 0, 0]
Channel #2 [31, 242] [0, 0, 0, 0]
Channel #3 [31, 158] [0, 0, 0, 0]
Channel #4 [31, 149] [0, 0, 0, 0]
Channel #5 [31, 0] [0, 0, 0, 0]
Channel #6 [31, 146] [0, 0, 0, 0]
Channel #7 [32, 187] [0, 0, 0, 0]
2024-09-06 22:32:45.652733
Channel #1 [31, 189] [0, 0, 0, 0]
Channel #2 [31, 231] [0, 0, 0, 0]
Channel #3 [31, 146] [0, 0, 0, 0]
Channel #4 [31, 144] [0, 0, 0, 0]
Channel #5 [30, 239] [0, 0, 0, 0]
Channel #6 [31, 140] [0, 0, 0, 0]
Channel #7 [32, 203] [0, 0, 0, 0]
2024-09-06 22:32:46.149886
Channel #1 [31, 189] [0, 0, 0, 0]
Channel #2 [31, 242] [0, 0, 0, 0]
Channel #3 [31, 140] [0, 0, 0, 0]
Channel #4 [31, 167] [0, 0, 0, 0]
Channel #5 [30, 233] [0, 0, 0, 0]
Channel #6 [31, 134] [0, 0, 0, 0]
Channel #7 [32, 174] [0, 0, 0, 0]
2024-09-06 22:32:46.645994
Channel #1 [31, 178] [0, 0, 0, 0]
Channel #2 [31, 188] [0, 0, 0, 0]
Channel #3 [31, 146] [0, 0, 0, 0]
Channel #4 [31, 144] [0, 0, 0, 0]
Channel #5 [30, 212] [0, 0, 0, 0]
Channel #6 [31, 157] [0, 0, 0, 0]
Channel #7 [32, 172] [0, 0, 0, 0]
2024-09-06 22:32:47.143701
Channel #1 [31, 160] [0, 0, 0, 0]
Channel #2 [31, 215] [0, 0, 0, 0]
Channel #3 [31, 140] [0, 0, 0, 0]
Channel #4 [31, 155] [0, 0, 0, 0]
Channel #5 [30, 244] [0, 0, 0, 0]
Channel #6 [31, 157] [0, 0, 0, 0]
Channel #7 [32, 171] [0, 0, 0, 0]
2024-09-06 22:32:47.639848
Channel #1 [31, 189] [0, 0, 0, 0]
Channel #2 [31, 161] [0, 0, 0, 0]
Channel #3 [31, 134] [0, 0, 0, 0]
Channel #4 [31, 132] [0, 0, 0, 0]
Channel #5 [30, 222] [0, 0, 0, 0]
Channel #6 [31, 157] [0, 0, 0, 0]
Channel #7 [32, 167] [0, 0, 0, 0]
2024-09-06 22:32:48.137653
Channel #1 [31, 195] [0, 0, 0, 0]
Channel #2 [31, 172] [0, 0, 0, 0]
Channel #3 [31, 146] [0, 0, 0, 0]
Channel #4 [31, 127] [0, 0, 0, 0]
Channel #5 [30, 250] [0, 0, 0, 0]
Channel #6 [31, 162] [0, 0, 0, 0]
Channel #7 [32, 193] [0, 0, 0, 0]
2024-09-06 22:32:48.634689
Channel #1 [31, 189] [0, 0, 0, 0]
Channel #2 [31, 242] [0, 0, 0, 0]
Channel #3 [31, 146] [0, 0, 0, 0]
Channel #4 [31, 138] [0, 0, 0, 0]
Channel #5 [30, 244] [0, 0, 0, 0]
Channel #6 [31, 134] [0, 0, 0, 0]
Channel #7 [32, 174] [0, 0, 0, 0]
2024-09-06 22:32:49.132240
Channel #1 [31, 207] [0, 0, 0, 0]
Channel #2 [31, 204] [0, 0, 0, 0]
Channel #3 [31, 134] [0, 0, 0, 0]
Channel #4 [31, 144] [0, 0, 0, 0]
Channel #5 [30, 239] [0, 0, 0, 0]
Channel #6 [31, 162] [0, 0, 0, 0]
Channel #7 [32, 183] [0, 0, 0, 0]
2024-09-06 22:32:49.628931
Channel #1 [31, 184] [0, 0, 0, 0]
Channel #2 [31, 226] [0, 0, 0, 0]
Channel #3 [31, 152] [0, 0, 0, 0]
Channel #4 [31, 138] [0, 0, 0, 0]
Channel #5 [30, 228] [0, 0, 0, 0]
Channel #6 [31, 157] [0, 0, 0, 0]
Channel #7 [32, 145] [0, 0, 0, 0]
2024-09-06 22:32:50.126547
Channel #1 [31, 189] [0, 0, 0, 0]
Channel #2 [31, 182] [0, 0, 0, 0]
Channel #3 [31, 146] [0, 0, 0, 0]
Channel #4 [31, 144] [0, 0, 0, 0]
Channel #5 [30, 250] [0, 0, 0, 0]
Channel #6 [31, 123] [0, 0, 0, 0]
Channel #7 [32, 167] [0, 0, 0, 0]
2024-09-06 22:32:50.623544
Channel #1 [31, 172] [0, 0, 0, 0]
Channel #2 [31, 204] [0, 0, 0, 0]
Channel #3 [31, 128] [0, 0, 0, 0]
Channel #4 [31, 149] [0, 0, 0, 0]
Channel #5 [30, 244] [0, 0, 0, 0]
Channel #6 [31, 134] [0, 0, 0, 0]
Channel #7 [32, 183] [0, 0, 0, 0]
2024-09-06 22:32:51.121150
Channel #1 [31, 178] [0, 0, 0, 0]
Channel #2 [31, 188] [0, 0, 0, 0]
Channel #3 [31, 134] [0, 0, 0, 0]
Channel #4 [31, 132] [0, 0, 0, 0]
Channel #5 [30, 233] [0, 0, 0, 0]
Channel #6 [31, 157] [0, 0, 0, 0]
Channel #7 [32, 175] [0, 0, 0, 0]
2024-09-06 22:32:51.616801
Channel #1 [31, 172] [0, 0, 0, 0]
Channel #2 [31, 204] [0, 0, 0, 0]
Channel #3 [31, 146] [0, 0, 0, 0]
Channel #4 [31, 144] [0, 0, 0, 0]
Channel #5 [30, 228] [0, 0, 0, 0]
Channel #6 [31, 134] [0, 0, 0, 0]
Channel #7 [32, 171] [0, 0, 0, 0]
2024-09-06 22:32:52.114379
Channel #1 [31, 184] [0, 0, 0, 0]
Channel #2 [31, 199] [0, 0, 0, 0]
Channel #3 [31, 158] [0, 0, 0, 0]
Channel #4 [31, 138] [0, 0, 0, 0]
Channel #5 [30, 250] [0, 0, 0, 0]
Channel #6 [31, 112] [0, 0, 0, 0]
Channel #7 [32, 187] [0, 0, 0, 0]
2024-09-06 22:32:52.610675
Channel #1 [31, 172] [0, 0, 0, 0]
Channel #2 [31, 188] [0, 0, 0, 0]
Channel #3 [31, 146] [0, 0, 0, 0]
Channel #4 [31, 149] [0, 0, 0, 0]
Channel #5 [31, 0] [0, 0, 0, 0]
Channel #6 [31, 157] [0, 0, 0, 0]
Channel #7 [32, 191] [0, 0, 0, 0]
2024-09-06 22:32:53.108259
Channel #1 [31, 137] [0, 0, 0, 0]
Channel #2 [31, 226] [0, 0, 0, 0]
Channel #3 [31, 152] [0, 0, 0, 0]
Channel #4 [31, 161] [0, 0, 0, 0]
Channel #5 [30, 228] [0, 0, 0, 0]
Channel #6 [31, 168] [0, 0, 0, 0]
Channel #7 [32, 185] [0, 0, 0, 0]
2024-09-06 22:32:53.605079
Channel #1 [31, 201] [0, 0, 0, 0]
Channel #2 [31, 210] [0, 0, 0, 0]
Channel #3 [31, 146] [0, 0, 0, 0]
Channel #4 [31, 144] [0, 0, 0, 0]
Channel #5 [30, 244] [0, 0, 0, 0]
Channel #6 [31, 129] [0, 0, 0, 0]
Channel #7 [32, 187] [0, 0, 0, 0]
2024-09-06 22:32:54.102713
Channel #1 [31, 207] [0, 0, 0, 0]
Channel #2 [31, 226] [0, 0, 0, 0]
Channel #3 [31, 158] [0, 0, 0, 0]
Channel #4 [31, 144] [0, 0, 0, 0]
Channel #5 [30, 244] [0, 0, 0, 0]
Channel #6 [31, 174] [0, 0, 0, 0]
Channel #7 [32, 158] [0, 0, 0, 0]
2024-09-06 22:32:54.599124
Channel #1 [31, 172] [0, 0, 0, 0]
Channel #2 [31, 204] [0, 0, 0, 0]
Channel #3 [31, 152] [0, 0, 0, 0]
Channel #4 [31, 149] [0, 0, 0, 0]
Channel #5 [30, 244] [0, 0, 0, 0]
Channel #6 [31, 151] [0, 0, 0, 0]
Channel #7 [32, 212] [0, 0, 0, 0]
2024-09-06 22:32:55.096725
Channel #1 [31, 166] [0, 0, 0, 0]
Channel #2 [31, 199] [0, 0, 0, 0]
Channel #3 [31, 146] [0, 0, 0, 0]
Channel #4 [31, 138] [0, 0, 0, 0]
Channel #5 [30, 250] [0, 0, 0, 0]
Channel #6 [31, 146] [0, 0, 0, 0]
Channel #7 [32, 194] [0, 0, 0, 0]
2024-09-06 22:32:55.593671
Channel #1 [31, 160] [0, 0, 0, 0]
Channel #2 [31, 231] [0, 0, 0, 0]
Channel #3 [31, 146] [0, 0, 0, 0]
Channel #4 [31, 144] [0, 0, 0, 0]
Channel #5 [30, 233] [0, 0, 0, 0]
Channel #6 [31, 123] [0, 0, 0, 0]
Channel #7 [32, 188] [0, 0, 0, 0]
2024-09-06 22:32:56.091321
Channel #1 [31, 178] [0, 0, 0, 0]
Channel #2 [31, 204] [0, 0, 0, 0]
Channel #3 [31, 152] [0, 0, 0, 0]
Channel #4 [31, 155] [0, 0, 0, 0]
Channel #5 [30, 222] [0, 0, 0, 0]
Channel #6 [31, 129] [0, 0, 0, 0]
Channel #7 [32, 190] [0, 0, 0, 0]
2024-09-06 22:32:56.587105
Channel #1 [31, 184] [0, 0, 0, 0]
Channel #2 [31, 188] [0, 0, 0, 0]
Channel #3 [31, 164] [0, 0, 0, 0]
Channel #4 [31, 155] [0, 0, 0, 0]
Channel #5 [30, 239] [0, 0, 0, 0]
Channel #6 [31, 146] [0, 0, 0, 0]
Channel #7 [32, 196] [0, 0, 0, 0]
2024-09-06 22:32:57.084717
Channel #1 [31, 195] [0, 0, 0, 0]
Channel #2 [31, 231] [0, 0, 0, 0]
Channel #3 [31, 128] [0, 0, 0, 0]
Channel #4 [31, 144] [0, 0, 0, 0]
Channel #5 [30, 250] [0, 0, 0, 0]
Channel #6 [31, 151] [0, 0, 0, 0]
Channel #7 [32, 171] [0, 0, 0, 0]
2024-09-06 22:32:57.582444
Channel #1 [31, 195] [0, 0, 0, 0]
Channel #2 [31, 221] [0, 0, 0, 0]
Channel #3 [31, 146] [0, 0, 0, 0]
Channel #4 [31, 144] [0, 0, 0, 0]
Channel #5 [30, 244] [0, 0, 0, 0]
Channel #6 [31, 157] [0, 0, 0, 0]
Channel #7 [32, 180] [0, 0, 0, 0]
2024-09-06 22:32:58.080042
Channel #1 [31, 178] [0, 0, 0, 0]
Channel #2 [31, 237] [0, 0, 0, 0]
Channel #3 [31, 128] [0, 0, 0, 0]
Channel #4 [31, 138] [0, 0, 0, 0]
Channel #5 [30, 239] [0, 0, 0, 0]
Channel #6 [31, 162] [0, 0, 0, 0]
Channel #7 [32, 188] [0, 0, 0, 0]
2024-09-06 22:32:58.577530
Channel #1 [31, 201] [0, 0, 0, 0]
Channel #2 [31, 204] [0, 0, 0, 0]
Channel #3 [31, 140] [0, 0, 0, 0]
Channel #4 [31, 138] [0, 0, 0, 0]
Channel #5 [30, 233] [0, 0, 0, 0]
Channel #6 [31, 151] [0, 0, 0, 0]
Channel #7 [32, 185] [0, 0, 0, 0]
2024-09-06 22:32:59.074694
Channel #1 [31, 160] [0, 0, 0, 0]
Channel #2 [31, 210] [0, 0, 0, 0]
Channel #3 [31, 152] [0, 0, 0, 0]
Channel #4 [31, 149] [0, 0, 0, 0]
Channel #5 [30, 244] [0, 0, 0, 0]
Channel #6 [31, 151] [0, 0, 0, 0]
Channel #7 [32, 181] [0, 0, 0, 0]
2024-09-06 22:32:59.571008
Channel #1 [31, 166] [0, 0, 0, 0]
Channel #2 [31, 199] [0, 0, 0, 0]
Channel #3 [31, 140] [0, 0, 0, 0]
Channel #4 [31, 138] [0, 0, 0, 0]
Channel #5 [30, 233] [0, 0, 0, 0]
Channel #6 [31, 162] [0, 0, 0, 0]
Channel #7 [32, 171] [0, 0, 0, 0]
2024-09-06 22:33:00.068567
Channel #1 [31, 166] [0, 0, 0, 0]
Channel #2 [31, 150] [0, 0, 0, 0]
Channel #3 [31, 146] [0, 0, 0, 0]
Channel #4 [31, 132] [0, 0, 0, 0]
Channel #5 [30, 239] [0, 0, 0, 0]
Channel #6 [31, 134] [0, 0, 0, 0]
Channel #7 [32, 193] [0, 0, 0, 0]
2024-09-06 22:33:00.565961
Channel #1 [31, 195] [0, 0, 0, 0]
Channel #2 [31, 199] [0, 0, 0, 0]
Channel #3 [31, 140] [0, 0, 0, 0]
Channel #4 [31, 155] [0, 0, 0, 0]
Channel #5 [30, 228] [0, 0, 0, 0]
Channel #6 [31, 151] [0, 0, 0, 0]
Channel #7 [32, 178] [0, 0, 0, 0]
2024-09-06 22:33:01.063027
Channel #1 [31, 184] [0, 0, 0, 0]
Channel #2 [31, 172] [0, 0, 0, 0]
Channel #3 [31, 152] [0, 0, 0, 0]
Channel #4 [31, 144] [0, 0, 0, 0]
Channel #5 [30, 217] [0, 0, 0, 0]
Channel #6 [31, 140] [0, 0, 0, 0]
Channel #7 [32, 180] [0, 0, 0, 0]
2024-09-06 22:33:01.559822
Channel #1 [31, 155] [0, 0, 0, 0]
Channel #2 [31, 188] [0, 0, 0, 0]
Channel #3 [31, 152] [0, 0, 0, 0]
Channel #4 [31, 144] [0, 0, 0, 0]
Channel #5 [30, 250] [0, 0, 0, 0]
Channel #6 [31, 157] [0, 0, 0, 0]
Channel #7 [32, 172] [0, 0, 0, 0]
2024-09-06 22:33:02.056556
Channel #1 [31, 184] [0, 0, 0, 0]
Channel #2 [31, 177] [0, 0, 0, 0]
Channel #3 [31, 152] [0, 0, 0, 0]
Channel #4 [31, 138] [0, 0, 0, 0]
Channel #5 [30, 222] [0, 0, 0, 0]
Channel #6 [31, 151] [0, 0, 0, 0]
Channel #7 [32, 178] [0, 0, 0, 0]
2024-09-06 22:33:02.553974
Channel #1 [31, 184] [0, 0, 0, 0]
Channel #2 [31, 242] [0, 0, 0, 0]
Channel #3 [31, 128] [0, 0, 0, 0]
Channel #4 [31, 155] [0, 0, 0, 0]
Channel #5 [30, 244] [0, 0, 0, 0]
Channel #6 [31, 162] [0, 0, 0, 0]
Channel #7 [32, 164] [0, 0, 0, 0]
2024-09-06 22:33:03.050373
Channel #1 [31, 178] [0, 0, 0, 0]
Channel #2 [31, 248] [0, 0, 0, 0]
Channel #3 [31, 140] [0, 0, 0, 0]
Channel #4 [31, 149] [0, 0, 0, 0]
Channel #5 [30, 228] [0, 0, 0, 0]
Channel #6 [31, 157] [0, 0, 0, 0]
Channel #7 [32, 197] [0, 0, 0, 0]
2024-09-06 22:33:03.548191
Channel #1 [31, 166] [0, 0, 0, 0]
Channel #2 [31, 182] [0, 0, 0, 0]
Channel #3 [31, 152] [0, 0, 0, 0]
Channel #4 [31, 149] [0, 0, 0, 0]
Channel #5 [31, 0] [0, 0, 0, 0]
Channel #6 [31, 157] [0, 0, 0, 0]
Channel #7 [32, 175] [0, 0, 0, 0]
2024-09-06 22:33:04.044290
Channel #1 [31, 172] [0, 0, 0, 0]
Channel #2 [31, 188] [0, 0, 0, 0]
Channel #3 [31, 140] [0, 0, 0, 0]
Channel #4 [31, 132] [0, 0, 0, 0]
Channel #5 [30, 250] [0, 0, 0, 0]
Channel #6 [31, 140] [0, 0, 0, 0]
Channel #7 [32, 177] [0, 0, 0, 0]
2024-09-06 22:33:04.542123
Channel #1 [31, 184] [0, 0, 0, 0]
Channel #2 [31, 182] [0, 0, 0, 0]
Channel #3 [31, 158] [0, 0, 0, 0]
Channel #4 [31, 149] [0, 0, 0, 0]
Channel #5 [30, 222] [0, 0, 0, 0]
Channel #6 [31, 157] [0, 0, 0, 0]
Channel #7 [32, 165] [0, 0, 0, 0]
2024-09-06 22:33:05.040651
Channel #1 [31, 195] [0, 0, 0, 0]
Channel #2 [31, 204] [0, 0, 0, 0]
Channel #3 [31, 158] [0, 0, 0, 0]
Channel #4 [31, 149] [0, 0, 0, 0]
Channel #5 [30, 228] [0, 0, 0, 0]
Channel #6 [31, 123] [0, 0, 0, 0]
Channel #7 [32, 188] [0, 0, 0, 0]
2024-09-06 22:33:05.538118
Channel #1 [31, 172] [0, 0, 0, 0]
Channel #2 [31, 226] [0, 0, 0, 0]
Channel #3 [31, 158] [0, 0, 0, 0]
Channel #4 [31, 121] [0, 0, 0, 0]
Channel #5 [30, 239] [0, 0, 0, 0]
Channel #6 [31, 157] [0, 0, 0, 0]
Channel #7 [32, 193] [0, 0, 0, 0]
2024-09-06 22:33:06.035970
Channel #1 [31, 178] [0, 0, 0, 0]
Channel #2 [32, 26] [0, 0, 0, 0]
Channel #3 [31, 146] [0, 0, 0, 0]
Channel #4 [31, 144] [0, 0, 0, 0]
Channel #5 [30, 228] [0, 0, 0, 0]
Channel #6 [31, 168] [0, 0, 0, 0]
Channel #7 [32, 174] [0, 0, 0, 0]
2024-09-06 22:33:06.533545
Channel #1 [31, 166] [0, 0, 0, 0]
Channel #2 [31, 253] [0, 0, 0, 0]
Channel #3 [31, 146] [0, 0, 0, 0]
Channel #4 [31, 138] [0, 0, 0, 0]
Channel #5 [30, 233] [0, 0, 0, 0]
Channel #6 [31, 157] [0, 0, 0, 0]
Channel #7 [32, 181] [0, 0, 0, 0]
2024-09-06 22:33:07.031420
Channel #1 [31, 195] [0, 0, 0, 0]
Channel #2 [31, 188] [0, 0, 0, 0]
Channel #3 [31, 140] [0, 0, 0, 0]
Channel #4 [31, 138] [0, 0, 0, 0]
Channel #5 [30, 250] [0, 0, 0, 0]
Channel #6 [31, 134] [0, 0, 0, 0]
Channel #7 [32, 178] [0, 0, 0, 0]
2024-09-06 22:33:07.528931
Channel #1 [31, 166] [0, 0, 0, 0]
Channel #2 [31, 204] [0, 0, 0, 0]
Channel #3 [31, 162] [0, 0, 0, 0]
Channel #4 [32, 197] [0, 0, 0, 0]
Channel #5 [31, 166] [0, 0, 0, 0]
Channel #6 [31, 182] [0, 0, 0, 0]
Channel #7 [31, 134] [0, 0, 0, 0]
2024-09-06 22:33:08.027746
Channel #1 [31, 121] [0, 0, 0, 0]
Channel #2 [30, 222] [0, 0, 0, 0]
Channel #3 [31, 140] [0, 0, 0, 0]
Channel #4 [32, 181] [0, 0, 0, 0]
Channel #5 [31, 178] [0, 0, 0, 0]
Channel #6 [32, 26] [0, 0, 0, 0]
Channel #7 [31, 158] [0, 0, 0, 0]
2024-09-06 22:33:08.526077
Channel #1 [31, 149] [0, 0, 0, 0]
Channel #2 [30, 228] [0, 0, 0, 0]
Channel #3 [31, 134] [0, 0, 0, 0]
Channel #4 [32, 193] [0, 0, 0, 0]
Channel #5 [31, 184] [0, 0, 0, 0]
Channel #6 [31, 237] [0, 0, 0, 0]
Channel #7 [31, 140] [0, 0, 0, 0]
2024-09-06 22:33:09.022294
Channel #1 [31, 138] [0, 0, 0, 0]
Channel #2 [30, 239] [0, 0, 0, 0]
Channel #3 [31, 134] [0, 0, 0, 0]
Channel #4 [32, 180] [0, 0, 0, 0]
Channel #5 [31, 201] [0, 0, 0, 0]
Channel #6 [31, 215] [0, 0, 0, 0]
Channel #7 [31, 164] [0, 0, 0, 0]
2024-09-06 22:33:09.520258
Channel #1 [31, 132] [0, 0, 0, 0]
Channel #2 [30, 239] [0, 0, 0, 0]
Channel #3 [31, 162] [0, 0, 0, 0]
Channel #4 [32, 201] [0, 0, 0, 0]
Channel #5 [31, 178] [0, 0, 0, 0]
Channel #6 [31, 210] [0, 0, 0, 0]
Channel #7 [31, 152] [0, 0, 0, 0]
2024-09-06 22:33:10.016734
Channel #1 [31, 144] [0, 0, 0, 0]
Channel #2 [30, 250] [0, 0, 0, 0]
Channel #3 [31, 151] [0, 0, 0, 0]
Channel #4 [32, 187] [0, 0, 0, 0]
Channel #5 [31, 213] [0, 0, 0, 0]
Channel #6 [31, 226] [0, 0, 0, 0]
Channel #7 [31, 152] [0, 0, 0, 0]
2024-09-06 22:33:10.514704
Channel #1 [31, 149] [0, 0, 0, 0]
Channel #2 [30, 250] [0, 0, 0, 0]
Channel #3 [31, 162] [0, 0, 0, 0]
Channel #4 [32, 177] [0, 0, 0, 0]
Channel #5 [31, 166] [0, 0, 0, 0]
Channel #6 [31, 221] [0, 0, 0, 0]
Channel #7 [31, 140] [0, 0, 0, 0]
2024-09-06 22:33:11.011786
Channel #1 [31, 149] [0, 0, 0, 0]
Channel #2 [31, 0] [0, 0, 0, 0]
Channel #3 [31, 168] [0, 0, 0, 0]
Channel #4 [32, 183] [0, 0, 0, 0]
Channel #5 [31, 166] [0, 0, 0, 0]
Channel #6 [31, 231] [0, 0, 0, 0]
Channel #7 [31, 134] [0, 0, 0, 0]
2024-09-06 22:33:11.509794
Channel #1 [31, 138] [0, 0, 0, 0]
Channel #2 [30, 244] [0, 0, 0, 0]
Channel #3 [31, 123] [0, 0, 0, 0]
Channel #4 [32, 181] [0, 0, 0, 0]
Channel #5 [31, 178] [0, 0, 0, 0]
Channel #6 [31, 193] [0, 0, 0, 0]
Channel #7 [31, 146] [0, 0, 0, 0]
2024-09-06 22:33:12.006891
Channel #1 [31, 138] [0, 0, 0, 0]
Channel #2 [31, 27] [0, 0, 0, 0]
Channel #3 [31, 140] [0, 0, 0, 0]
Channel #4 [32, 180] [0, 0, 0, 0]
Channel #5 [31, 172] [0, 0, 0, 0]
Channel #6 [31, 155] [0, 0, 0, 0]
Channel #7 [31, 146] [0, 0, 0, 0]
2024-09-06 22:33:12.504877
Channel #1 [31, 167] [0, 0, 0, 0]
Channel #2 [30, 244] [0, 0, 0, 0]
Channel #3 [31, 123] [0, 0, 0, 0]
Channel #4 [32, 168] [0, 0, 0, 0]
Channel #5 [31, 166] [0, 0, 0, 0]
Channel #6 [32, 26] [0, 0, 0, 0]
Channel #7 [31, 152] [0, 0, 0, 0]
2024-09-06 22:33:13.000740
Channel #1 [31, 155] [0, 0, 0, 0]
Channel #2 [30, 250] [0, 0, 0, 0]
Channel #3 [31, 162] [0, 0, 0, 0]
Channel #4 [32, 167] [0, 0, 0, 0]
Channel #5 [31, 172] [0, 0, 0, 0]
Channel #6 [31, 215] [0, 0, 0, 0]
Channel #7 [31, 140] [0, 0, 0, 0]
2024-09-06 22:33:13.498300
Channel #1 [31, 149] [0, 0, 0, 0]
Channel #2 [30, 244] [0, 0, 0, 0]
Channel #3 [31, 117] [0, 0, 0, 0]
Channel #4 [32, 174] [0, 0, 0, 0]
Channel #5 [31, 201] [0, 0, 0, 0]
Channel #6 [31, 210] [0, 0, 0, 0]
Channel #7 [31, 146] [0, 0, 0, 0]
2024-09-06 22:33:13.994868
Channel #1 [31, 207] [0, 0, 0, 0]
Channel #2 [30, 250] [0, 0, 0, 0]
Channel #3 [31, 157] [0, 0, 0, 0]
Channel #4 [32, 172] [0, 0, 0, 0]
Channel #5 [31, 195] [0, 0, 0, 0]
Channel #6 [32, 3] [0, 0, 0, 0]
Channel #7 [31, 146] [0, 0, 0, 0]
2024-09-06 22:33:14.493323
Channel #1 [31, 127] [0, 0, 0, 0]
Channel #2 [30, 212] [0, 0, 0, 0]
Channel #3 [31, 151] [0, 0, 0, 0]
Channel #4 [32, 164] [0, 0, 0, 0]
Channel #5 [31, 201] [0, 0, 0, 0]
Channel #6 [31, 199] [0, 0, 0, 0]
Channel #7 [31, 158] [0, 0, 0, 0]
2024-09-06 22:33:14.989809
Channel #1 [31, 138] [0, 0, 0, 0]
Channel #2 [30, 239] [0, 0, 0, 0]
Channel #3 [31, 151] [0, 0, 0, 0]
Channel #4 [32, 194] [0, 0, 0, 0]
Channel #5 [31, 178] [0, 0, 0, 0]
Channel #6 [31, 188] [0, 0, 0, 0]
Channel #7 [31, 140] [0, 0, 0, 0]
2024-09-06 22:33:15.487530
Channel #1 [31, 149] [0, 0, 0, 0]
Channel #2 [31, 17] [0, 0, 0, 0]
Channel #3 [31, 151] [0, 0, 0, 0]
Channel #4 [32, 174] [0, 0, 0, 0]
Channel #5 [31, 178] [0, 0, 0, 0]
Channel #6 [31, 193] [0, 0, 0, 0]
Channel #7 [31, 146] [0, 0, 0, 0]
2024-09-06 22:33:15.984108
Channel #1 [31, 132] [0, 0, 0, 0]
Channel #2 [30, 228] [0, 0, 0, 0]
Channel #3 [31, 151] [0, 0, 0, 0]
Channel #4 [32, 175] [0, 0, 0, 0]
Channel #5 [31, 195] [0, 0, 0, 0]
Channel #6 [31, 204] [0, 0, 0, 0]
Channel #7 [31, 146] [0, 0, 0, 0]
2024-09-06 22:33:16.482120
Channel #1 [31, 138] [0, 0, 0, 0]
Channel #2 [30, 250] [0, 0, 0, 0]
Channel #3 [31, 162] [0, 0, 0, 0]
Channel #4 [32, 175] [0, 0, 0, 0]
Channel #5 [31, 160] [0, 0, 0, 0]
Channel #6 [31, 204] [0, 0, 0, 0]
Channel #7 [31, 158] [0, 0, 0, 0]
2024-09-06 22:33:16.979822
Channel #1 [31, 155] [0, 0, 0, 0]
Channel #2 [30, 233] [0, 0, 0, 0]
Channel #3 [31, 134] [0, 0, 0, 0]
Channel #4 [32, 178] [0, 0, 0, 0]
Channel #5 [31, 178] [0, 0, 0, 0]
Channel #6 [31, 150] [0, 0, 0, 0]
Channel #7 [31, 128] [0, 0, 0, 0]
2024-09-06 22:33:17.476902
Channel #1 [31, 138] [0, 0, 0, 0]
Channel #2 [31, 27] [0, 0, 0, 0]
Channel #3 [31, 151] [0, 0, 0, 0]
Channel #4 [32, 174] [0, 0, 0, 0]
Channel #5 [31, 166] [0, 0, 0, 0]
Channel #6 [31, 237] [0, 0, 0, 0]
Channel #7 [31, 152] [0, 0, 0, 0]
2024-09-06 22:33:17.973402
Channel #1 [31, 144] [0, 0, 0, 0]
Channel #2 [30, 244] [0, 0, 0, 0]
Channel #3 [31, 157] [0, 0, 0, 0]
Channel #4 [32, 190] [0, 0, 0, 0]
Channel #5 [31, 178] [0, 0, 0, 0]
Channel #6 [31, 177] [0, 0, 0, 0]
Channel #7 [31, 158] [0, 0, 0, 0]
2024-09-06 22:33:18.470861
Channel #1 [31, 149] [0, 0, 0, 0]
Channel #2 [30, 228] [0, 0, 0, 0]
Channel #3 [31, 140] [0, 0, 0, 0]
Channel #4 [32, 188] [0, 0, 0, 0]
Channel #5 [31, 160] [0, 0, 0, 0]
Channel #6 [31, 155] [0, 0, 0, 0]
Channel #7 [32, 162] [0, 0, 0, 0]
2024-09-06 22:33:18.968715
Channel #1 [31, 166] [0, 0, 0, 0]
Channel #2 [31, 204] [0, 0, 0, 0]
Channel #3 [31, 158] [0, 0, 0, 0]
Channel #4 [31, 149] [0, 0, 0, 0]
Channel #5 [30, 212] [0, 0, 0, 0]
Channel #6 [31, 151] [0, 0, 0, 0]
Channel #7 [32, 204] [0, 0, 0, 0]
2024-09-06 22:33:19.465781
Channel #1 [31, 178] [0, 0, 0, 0]
Channel #2 [31, 188] [0, 0, 0, 0]
Channel #3 [31, 158] [0, 0, 0, 0]
Channel #4 [31, 155] [0, 0, 0, 0]
Channel #5 [30, 228] [0, 0, 0, 0]
Channel #6 [31, 162] [0, 0, 0, 0]
Channel #7 [32, 183] [0, 0, 0, 0]
2024-09-06 22:33:19.964078
Channel #1 [31, 201] [0, 0, 0, 0]
Channel #2 [32, 8] [0, 0, 0, 0]
Channel #3 [31, 152] [0, 0, 0, 0]
Channel #4 [31, 138] [0, 0, 0, 0]
Channel #5 [31, 5] [0, 0, 0, 0]
Channel #6 [31, 112] [0, 0, 0, 0]
Channel #7 [32, 184] [0, 0, 0, 0]
2024-09-06 22:33:20.461331
Channel #1 [31, 131] [0, 0, 0, 0]
Channel #2 [31, 182] [0, 0, 0, 0]
Channel #3 [31, 146] [0, 0, 0, 0]
Channel #4 [31, 195] [0, 0, 0, 0]
Channel #5 [30, 222] [0, 0, 0, 0]
Channel #6 [31, 157] [0, 0, 0, 0]
Channel #7 [32, 188] [0, 0, 0, 0]
2024-09-06 22:33:20.959432
Channel #1 [31, 178] [0, 0, 0, 0]
Channel #2 [31, 248] [0, 0, 0, 0]
Channel #3 [31, 158] [0, 0, 0, 0]
Channel #4 [31, 138] [0, 0, 0, 0]
Channel #5 [30, 250] [0, 0, 0, 0]
Channel #6 [31, 157] [0, 0, 0, 0]
Channel #7 [32, 171] [0, 0, 0, 0]
2024-09-06 22:33:21.455568
Channel #1 [31, 166] [0, 0, 0, 0]
Channel #2 [31, 172] [0, 0, 0, 0]
Channel #3 [31, 152] [0, 0, 0, 0]
Channel #4 [31, 132] [0, 0, 0, 0]
Channel #5 [30, 244] [0, 0, 0, 0]
Channel #6 [31, 123] [0, 0, 0, 0]
Channel #7 [32, 180] [0, 0, 0, 0]
2024-09-06 22:33:21.953196
Channel #1 [31, 195] [0, 0, 0, 0]
Channel #2 [31, 242] [0, 0, 0, 0]
Channel #3 [31, 146] [0, 0, 0, 0]
Channel #4 [31, 138] [0, 0, 0, 0]
Channel #5 [31, 5] [0, 0, 0, 0]
Channel #6 [31, 112] [0, 0, 0, 0]
Channel #7 [32, 184] [0, 0, 0, 0]
2024-09-06 22:33:22.449659
Channel #1 [31, 189] [0, 0, 0, 0]
Channel #2 [31, 215] [0, 0, 0, 0]
Channel #3 [31, 152] [0, 0, 0, 0]
Channel #4 [31, 155] [0, 0, 0, 0]
Channel #5 [31, 0] [0, 0, 0, 0]
Channel #6 [31, 157] [0, 0, 0, 0]
Channel #7 [32, 171] [0, 0, 0, 0]
2024-09-06 22:33:22.947127
Channel #1 [31, 178] [0, 0, 0, 0]
Channel #2 [31, 177] [0, 0, 0, 0]
Channel #3 [31, 152] [0, 0, 0, 0]
Channel #4 [31, 149] [0, 0, 0, 0]
Channel #5 [30, 244] [0, 0, 0, 0]
Channel #6 [31, 134] [0, 0, 0, 0]
Channel #7 [32, 172] [0, 0, 0, 0]
2024-09-06 22:33:23.443637
Channel #1 [31, 172] [0, 0, 0, 0]
Channel #2 [31, 182] [0, 0, 0, 0]
Channel #3 [31, 152] [0, 0, 0, 0]
Channel #4 [31, 138] [0, 0, 0, 0]
Channel #5 [31, 0] [0, 0, 0, 0]
Channel #6 [31, 157] [0, 0, 0, 0]
Channel #7 [32, 185] [0, 0, 0, 0]
2024-09-06 22:33:23.941535
Channel #1 [31, 172] [0, 0, 0, 0]
Channel #2 [31, 204] [0, 0, 0, 0]
Channel #3 [31, 152] [0, 0, 0, 0]
Channel #4 [31, 155] [0, 0, 0, 0]
Channel #5 [30, 250] [0, 0, 0, 0]
Channel #6 [31, 151] [0, 0, 0, 0]
Channel #7 [32, 153] [0, 0, 0, 0]
2024-09-06 22:33:24.439135
Channel #1 [31, 189] [0, 0, 0, 0]
Channel #2 [31, 253] [0, 0, 0, 0]
Channel #3 [31, 128] [0, 0, 0, 0]
Channel #4 [31, 144] [0, 0, 0, 0]
Channel #5 [31, 0] [0, 0, 0, 0]
Channel #6 [31, 146] [0, 0, 0, 0]
Channel #7 [32, 177] [0, 0, 0, 0]
2024-09-06 22:33:24.936706
Channel #1 [31, 172] [0, 0, 0, 0]
Channel #2 [31, 231] [0, 0, 0, 0]
Channel #3 [31, 164] [0, 0, 0, 0]
Channel #4 [31, 144] [0, 0, 0, 0]
Channel #5 [30, 228] [0, 0, 0, 0]
Channel #6 [31, 151] [0, 0, 0, 0]
Channel #7 [32, 190] [0, 0, 0, 0]
2024-09-06 22:33:25.433153
Channel #1 [31, 178] [0, 0, 0, 0]
Channel #2 [31, 215] [0, 0, 0, 0]
Channel #3 [31, 152] [0, 0, 0, 0]
Channel #4 [31, 132] [0, 0, 0, 0]
Channel #5 [30, 250] [0, 0, 0, 0]
Channel #6 [31, 140] [0, 0, 0, 0]
Channel #7 [32, 183] [0, 0, 0, 0]
2024-09-06 22:33:25.930671
Channel #1 [31, 189] [0, 0, 0, 0]
Channel #2 [31, 193] [0, 0, 0, 0]
Channel #3 [31, 134] [0, 0, 0, 0]
Channel #4 [31, 172] [0, 0, 0, 0]
Channel #5 [30, 239] [0, 0, 0, 0]
Channel #6 [31, 157] [0, 0, 0, 0]
Channel #7 [32, 174] [0, 0, 0, 0]
2024-09-06 22:33:26.427531
Channel #1 [31, 184] [0, 0, 0, 0]
Channel #2 [31, 182] [0, 0, 0, 0]
Channel #3 [31, 146] [0, 0, 0, 0]
Channel #4 [31, 132] [0, 0, 0, 0]
Channel #5 [31, 0] [0, 0, 0, 0]
Channel #6 [31, 168] [0, 0, 0, 0]
Channel #7 [32, 183] [0, 0, 0, 0]
2024-09-06 22:33:26.925094
Channel #1 [31, 178] [0, 0, 0, 0]
Channel #2 [31, 221] [0, 0, 0, 0]
Channel #3 [31, 158] [0, 0, 0, 0]
Channel #4 [31, 178] [0, 0, 0, 0]
Channel #5 [31, 0] [0, 0, 0, 0]
Channel #6 [31, 129] [0, 0, 0, 0]
Channel #7 [32, 180] [0, 0, 0, 0]
2024-09-06 22:33:27.420796
Channel #1 [31, 195] [0, 0, 0, 0]
Channel #2 [31, 221] [0, 0, 0, 0]
Channel #3 [31, 146] [0, 0, 0, 0]
Channel #4 [31, 144] [0, 0, 0, 0]
Channel #5 [31, 0] [0, 0, 0, 0]
Channel #6 [31, 140] [0, 0, 0, 0]
Channel #7 [32, 175] [0, 0, 0, 0]
2024-09-06 22:33:27.918337
Channel #1 [31, 178] [0, 0, 0, 0]
Channel #2 [31, 193] [0, 0, 0, 0]
Channel #3 [31, 152] [0, 0, 0, 0]
Channel #4 [31, 138] [0, 0, 0, 0]
Channel #5 [30, 222] [0, 0, 0, 0]
Channel #6 [31, 162] [0, 0, 0, 0]
Channel #7 [32, 191] [0, 0, 0, 0]
2024-09-06 22:33:28.415000
Channel #1 [31, 160] [0, 0, 0, 0]
Channel #2 [31, 231] [0, 0, 0, 0]
Channel #3 [31, 152] [0, 0, 0, 0]
Channel #4 [31, 138] [0, 0, 0, 0]
Channel #5 [30, 244] [0, 0, 0, 0]
Channel #6 [31, 140] [0, 0, 0, 0]
Channel #7 [32, 170] [0, 0, 0, 0]
2024-09-06 22:33:28.912582
Channel #1 [31, 189] [0, 0, 0, 0]
Channel #2 [31, 204] [0, 0, 0, 0]
Channel #3 [31, 152] [0, 0, 0, 0]
Channel #4 [31, 149] [0, 0, 0, 0]
Channel #5 [30, 233] [0, 0, 0, 0]
Channel #6 [31, 151] [0, 0, 0, 0]
Channel #7 [32, 185] [0, 0, 0, 0]
2024-09-06 22:33:29.409447
Channel #1 [31, 178] [0, 0, 0, 0]
Channel #2 [31, 188] [0, 0, 0, 0]
Channel #3 [31, 146] [0, 0, 0, 0]
Channel #4 [31, 138] [0, 0, 0, 0]
Channel #5 [30, 212] [0, 0, 0, 0]
Channel #6 [31, 151] [0, 0, 0, 0]
Channel #7 [32, 185] [0, 0, 0, 0]
2024-09-06 22:33:29.906988
Channel #1 [31, 195] [0, 0, 0, 0]
Channel #2 [31, 248] [0, 0, 0, 0]
Channel #3 [31, 146] [0, 0, 0, 0]
Channel #4 [31, 132] [0, 0, 0, 0]
Channel #5 [30, 233] [0, 0, 0, 0]
Channel #6 [31, 129] [0, 0, 0, 0]
Channel #7 [32, 178] [0, 0, 0, 0]
2024-09-06 22:33:30.402930
Channel #1 [31, 172] [0, 0, 0, 0]
Channel #2 [31, 177] [0, 0, 0, 0]
Channel #3 [31, 164] [0, 0, 0, 0]
Channel #4 [31, 132] [0, 0, 0, 0]
Channel #5 [30, 222] [0, 0, 0, 0]
Channel #6 [31, 157] [0, 0, 0, 0]
Channel #7 [32, 180] [0, 0, 0, 0]
2024-09-06 22:33:30.900489
Channel #1 [31, 155] [0, 0, 0, 0]
Channel #2 [31, 226] [0, 0, 0, 0]
Channel #3 [31, 158] [0, 0, 0, 0]
Channel #4 [31, 144] [0, 0, 0, 0]
Channel #5 [30, 222] [0, 0, 0, 0]
Channel #6 [31, 134] [0, 0, 0, 0]
Channel #7 [32, 175] [0, 0, 0, 0]
2024-09-06 22:33:31.397707
Channel #1 [31, 178] [0, 0, 0, 0]
Channel #2 [31, 221] [0, 0, 0, 0]
Channel #3 [31, 158] [0, 0, 0, 0]
Channel #4 [31, 144] [0, 0, 0, 0]
Channel #5 [30, 250] [0, 0, 0, 0]
Channel #6 [31, 134] [0, 0, 0, 0]
Channel #7 [32, 180] [0, 0, 0, 0]
2024-09-06 22:33:31.895168
Channel #1 [31, 172] [0, 0, 0, 0]
Channel #2 [31, 188] [0, 0, 0, 0]
Channel #3 [31, 152] [0, 0, 0, 0]
Channel #4 [31, 144] [0, 0, 0, 0]
Channel #5 [31, 0] [0, 0, 0, 0]
Channel #6 [31, 174] [0, 0, 0, 0]
Channel #7 [32, 183] [0, 0, 0, 0]
2024-09-06 22:33:32.391743
Channel #1 [31, 213] [0, 0, 0, 0]
Channel #2 [31, 215] [0, 0, 0, 0]
Channel #3 [31, 152] [0, 0, 0, 0]
Channel #4 [31, 138] [0, 0, 0, 0]
Channel #5 [30, 244] [0, 0, 0, 0]
Channel #6 [31, 134] [0, 0, 0, 0]
Channel #7 [32, 181] [0, 0, 0, 0]
2024-09-06 22:33:32.889283
Channel #1 [31, 184] [0, 0, 0, 0]
Channel #2 [32, 14] [0, 0, 0, 0]
Channel #3 [31, 152] [0, 0, 0, 0]
Channel #4 [31, 144] [0, 0, 0, 0]
Channel #5 [31, 11] [0, 0, 0, 0]
Channel #6 [31, 140] [0, 0, 0, 0]
Channel #7 [32, 171] [0, 0, 0, 0]
2024-09-06 22:33:33.386058
Channel #1 [31, 189] [0, 0, 0, 0]
Channel #2 [31, 242] [0, 0, 0, 0]
Channel #3 [31, 140] [0, 0, 0, 0]
Channel #4 [31, 149] [0, 0, 0, 0]
Channel #5 [30, 239] [0, 0, 0, 0]
Channel #6 [31, 146] [0, 0, 0, 0]
Channel #7 [32, 188] [0, 0, 0, 0]
2024-09-06 22:33:33.883452
Channel #1 [31, 166] [0, 0, 0, 0]
Channel #2 [31, 177] [0, 0, 0, 0]
Channel #3 [31, 146] [0, 0, 0, 0]
Channel #4 [31, 144] [0, 0, 0, 0]
Channel #5 [30, 233] [0, 0, 0, 0]
Channel #6 [31, 140] [0, 0, 0, 0]
Channel #7 [32, 188] [0, 0, 0, 0]
2024-09-06 22:33:34.380915
Channel #1 [31, 155] [0, 0, 0, 0]
Channel #2 [31, 221] [0, 0, 0, 0]
Channel #3 [31, 128] [0, 0, 0, 0]
Channel #4 [31, 144] [0, 0, 0, 0]
Channel #5 [30, 239] [0, 0, 0, 0]
Channel #6 [31, 134] [0, 0, 0, 0]
Channel #7 [32, 180] [0, 0, 0, 0]
2024-09-06 22:33:34.877454
Channel #1 [31, 172] [0, 0, 0, 0]
Channel #2 [31, 253] [0, 0, 0, 0]
Channel #3 [31, 146] [0, 0, 0, 0]
Channel #4 [31, 144] [0, 0, 0, 0]
Channel #5 [30, 244] [0, 0, 0, 0]
Channel #6 [31, 162] [0, 0, 0, 0]
Channel #7 [32, 201] [0, 0, 0, 0]
2024-09-06 22:33:35.374319
Channel #1 [31, 184] [0, 0, 0, 0]
Channel #2 [31, 221] [0, 0, 0, 0]
Channel #3 [31, 146] [0, 0, 0, 0]
Channel #4 [31, 132] [0, 0, 0, 0]
Channel #5 [30, 222] [0, 0, 0, 0]
Channel #6 [31, 157] [0, 0, 0, 0]
Channel #7 [32, 164] [0, 0, 0, 0]
2024-09-06 22:33:35.871144
Channel #1 [31, 189] [0, 0, 0, 0]
Channel #2 [31, 199] [0, 0, 0, 0]
Channel #3 [31, 152] [0, 0, 0, 0]
Channel #4 [31, 132] [0, 0, 0, 0]
Channel #5 [30, 244] [0, 0, 0, 0]
Channel #6 [31, 140] [0, 0, 0, 0]
Channel #7 [32, 191] [0, 0, 0, 0]
2024-09-06 22:33:36.368907
Channel #1 [31, 201] [0, 0, 0, 0]
Channel #2 [31, 215] [0, 0, 0, 0]
Channel #3 [31, 146] [0, 0, 0, 0]
Channel #4 [31, 132] [0, 0, 0, 0]
Channel #5 [30, 212] [0, 0, 0, 0]
Channel #6 [31, 157] [0, 0, 0, 0]
Channel #7 [32, 188] [0, 0, 0, 0]
2024-09-06 22:33:36.865302
Channel #1 [31, 195] [0, 0, 0, 0]
Channel #2 [31, 193] [0, 0, 0, 0]
Channel #3 [31, 140] [0, 0, 0, 0]
Channel #4 [31, 132] [0, 0, 0, 0]
Channel #5 [30, 222] [0, 0, 0, 0]
Channel #6 [31, 134] [0, 0, 0, 0]
Channel #7 [32, 200] [0, 0, 0, 0]
2024-09-06 22:33:37.362631
Channel #1 [31, 172] [0, 0, 0, 0]
Channel #2 [31, 210] [0, 0, 0, 0]
Channel #3 [31, 140] [0, 0, 0, 0]
Channel #4 [31, 149] [0, 0, 0, 0]
Channel #5 [30, 239] [0, 0, 0, 0]
Channel #6 [31, 162] [0, 0, 0, 0]
Channel #7 [32, 175] [0, 0, 0, 0]
2024-09-06 22:33:37.858614
Channel #1 [31, 178] [0, 0, 0, 0]
Channel #2 [31, 242] [0, 0, 0, 0]
Channel #3 [31, 152] [0, 0, 0, 0]
Channel #4 [31, 144] [0, 0, 0, 0]
Channel #5 [30, 250] [0, 0, 0, 0]
Channel #6 [31, 162] [0, 0, 0, 0]
Channel #7 [32, 180] [0, 0, 0, 0]
2024-09-06 22:33:38.356610
Channel #1 [31, 155] [0, 0, 0, 0]
Channel #2 [31, 177] [0, 0, 0, 0]
Channel #3 [31, 146] [0, 0, 0, 0]
Channel #4 [31, 144] [0, 0, 0, 0]
Channel #5 [30, 239] [0, 0, 0, 0]
Channel #6 [31, 134] [0, 0, 0, 0]
Channel #7 [32, 181] [0, 0, 0, 0]
2024-09-06 22:33:38.852709
Channel #1 [31, 172] [0, 0, 0, 0]
Channel #2 [31, 199] [0, 0, 0, 0]
Channel #3 [31, 140] [0, 0, 0, 0]
Channel #4 [31, 132] [0, 0, 0, 0]
Channel #5 [30, 244] [0, 0, 0, 0]
Channel #6 [31, 140] [0, 0, 0, 0]
Channel #7 [32, 157] [0, 0, 0, 0]
2024-09-06 22:33:39.350141
Channel #1 [31, 166] [0, 0, 0, 0]
Channel #2 [31, 226] [0, 0, 0, 0]
Channel #3 [31, 152] [0, 0, 0, 0]
Channel #4 [31, 149] [0, 0, 0, 0]
Channel #5 [30, 239] [0, 0, 0, 0]
Channel #6 [31, 151] [0, 0, 0, 0]
Channel #7 [32, 171] [0, 0, 0, 0]
2024-09-06 22:33:39.846888
Channel #1 [31, 166] [0, 0, 0, 0]
Channel #2 [31, 215] [0, 0, 0, 0]
Channel #3 [31, 140] [0, 0, 0, 0]
Channel #4 [31, 161] [0, 0, 0, 0]
Channel #5 [30, 233] [0, 0, 0, 0]
Channel #6 [31, 134] [0, 0, 0, 0]
Channel #7 [32, 167] [0, 0, 0, 0]
2024-09-06 22:33:40.344386
Channel #1 [31, 172] [0, 0, 0, 0]
Channel #2 [31, 182] [0, 0, 0, 0]
Channel #3 [31, 152] [0, 0, 0, 0]
Channel #4 [31, 149] [0, 0, 0, 0]
Channel #5 [30, 244] [0, 0, 0, 0]
Channel #6 [31, 146] [0, 0, 0, 0]
Channel #7 [32, 181] [0, 0, 0, 0]
2024-09-06 22:33:40.842409
Channel #1 [31, 201] [0, 0, 0, 0]
Channel #2 [31, 231] [0, 0, 0, 0]
Channel #3 [31, 140] [0, 0, 0, 0]
Channel #4 [31, 138] [0, 0, 0, 0]
Channel #5 [30, 239] [0, 0, 0, 0]
Channel #6 [31, 140] [0, 0, 0, 0]
Channel #7 [32, 187] [0, 0, 0, 0]
2024-09-06 22:33:41.340033
Channel #1 [31, 201] [0, 0, 0, 0]
Channel #2 [31, 242] [0, 0, 0, 0]
Channel #3 [31, 152] [0, 0, 0, 0]
Channel #4 [31, 127] [0, 0, 0, 0]
Channel #5 [30, 233] [0, 0, 0, 0]
Channel #6 [31, 146] [0, 0, 0, 0]
Channel #7 [32, 175] [0, 0, 0, 0]
2024-09-06 22:33:41.839822
Channel #1 [31, 178] [0, 0, 0, 0]
Channel #2 [31, 210] [0, 0, 0, 0]
Channel #3 [31, 170] [0, 0, 0, 0]
Channel #4 [31, 132] [0, 0, 0, 0]
Channel #5 [30, 228] [0, 0, 0, 0]
Channel #6 [31, 168] [0, 0, 0, 0]
Channel #7 [32, 170] [0, 0, 0, 0]
2024-09-06 22:33:42.337448
Channel #1 [31, 178] [0, 0, 0, 0]
Channel #2 [31, 231] [0, 0, 0, 0]
Channel #3 [31, 152] [0, 0, 0, 0]
Channel #4 [31, 144] [0, 0, 0, 0]
Channel #5 [30, 239] [0, 0, 0, 0]
Channel #6 [31, 162] [0, 0, 0, 0]
Channel #7 [32, 184] [0, 0, 0, 0]
2024-09-06 22:33:42.833677
Channel #1 [31, 184] [0, 0, 0, 0]
Channel #2 [31, 193] [0, 0, 0, 0]
Channel #3 [31, 146] [0, 0, 0, 0]
Channel #4 [31, 127] [0, 0, 0, 0]
Channel #5 [30, 233] [0, 0, 0, 0]
Channel #6 [31, 146] [0, 0, 0, 0]
Channel #7 [32, 193] [0, 0, 0, 0]
2024-09-06 22:33:43.331255
Channel #1 [31, 166] [0, 0, 0, 0]
Channel #2 [32, 8] [0, 0, 0, 0]
Channel #3 [31, 164] [0, 0, 0, 0]
Channel #4 [31, 155] [0, 0, 0, 0]
Channel #5 [30, 212] [0, 0, 0, 0]
Channel #6 [31, 134] [0, 0, 0, 0]
Channel #7 [32, 200] [0, 0, 0, 0]
2024-09-06 22:33:43.826928
Channel #1 [31, 189] [0, 0, 0, 0]
Channel #2 [31, 221] [0, 0, 0, 0]
Channel #3 [31, 164] [0, 0, 0, 0]
Channel #4 [31, 144] [0, 0, 0, 0]
Channel #5 [30, 233] [0, 0, 0, 0]
Channel #6 [31, 140] [0, 0, 0, 0]
Channel #7 [32, 180] [0, 0, 0, 0]
2024-09-06 22:33:44.324680
Channel #1 [31, 172] [0, 0, 0, 0]
Channel #2 [31, 204] [0, 0, 0, 0]
Channel #3 [31, 128] [0, 0, 0, 0]
Channel #4 [31, 138] [0, 0, 0, 0]
Channel #5 [30, 222] [0, 0, 0, 0]
Channel #6 [31, 157] [0, 0, 0, 0]
Channel #7 [32, 190] [0, 0, 0, 0]
2024-09-06 22:33:44.821032
Channel #1 [31, 149] [0, 0, 0, 0]
Channel #2 [31, 199] [0, 0, 0, 0]
Channel #3 [31, 140] [0, 0, 0, 0]
Channel #4 [31, 132] [0, 0, 0, 0]
Channel #5 [31, 0] [0, 0, 0, 0]
Channel #6 [31, 157] [0, 0, 0, 0]
Channel #7 [32, 183] [0, 0, 0, 0]
2024-09-06 22:33:45.318603
Channel #1 [31, 166] [0, 0, 0, 0]
Channel #2 [31, 226] [0, 0, 0, 0]
Channel #3 [31, 158] [0, 0, 0, 0]
Channel #4 [31, 144] [0, 0, 0, 0]
Channel #5 [31, 0] [0, 0, 0, 0]
Channel #6 [31, 162] [0, 0, 0, 0]
Channel #7 [32, 172] [0, 0, 0, 0]
2024-09-06 22:33:45.814831
Channel #1 [31, 195] [0, 0, 0, 0]
Channel #2 [31, 188] [0, 0, 0, 0]
Channel #3 [31, 140] [0, 0, 0, 0]
Channel #4 [31, 132] [0, 0, 0, 0]
Channel #5 [30, 239] [0, 0, 0, 0]
Channel #6 [31, 117] [0, 0, 0, 0]
Channel #7 [32, 185] [0, 0, 0, 0]
2024-09-06 22:33:46.312379
Channel #1 [31, 178] [0, 0, 0, 0]
Channel #2 [31, 161] [0, 0, 0, 0]
Channel #3 [31, 146] [0, 0, 0, 0]
Channel #4 [31, 121] [0, 0, 0, 0]
Channel #5 [30, 239] [0, 0, 0, 0]
Channel #6 [31, 129] [0, 0, 0, 0]
Channel #7 [32, 172] [0, 0, 0, 0]
2024-09-06 22:33:46.809862
Channel #1 [31, 195] [0, 0, 0, 0]
Channel #2 [31, 253] [0, 0, 0, 0]
Channel #3 [31, 140] [0, 0, 0, 0]
Channel #4 [31, 149] [0, 0, 0, 0]
Channel #5 [30, 233] [0, 0, 0, 0]
Channel #6 [31, 157] [0, 0, 0, 0]
Channel #7 [32, 180] [0, 0, 0, 0]
2024-09-06 22:33:47.307414
Channel #1 [31, 155] [0, 0, 0, 0]
Channel #2 [31, 231] [0, 0, 0, 0]
Channel #3 [31, 152] [0, 0, 0, 0]
Channel #4 [31, 138] [0, 0, 0, 0]
Channel #5 [30, 217] [0, 0, 0, 0]
Channel #6 [31, 162] [0, 0, 0, 0]
Channel #7 [32, 178] [0, 0, 0, 0]
2024-09-06 22:33:47.807986
Channel #1 [31, 195] [0, 0, 0, 0]
Channel #2 [31, 253] [0, 0, 0, 0]
Channel #3 [31, 158] [0, 0, 0, 0]
Channel #4 [31, 138] [0, 0, 0, 0]
Channel #5 [30, 250] [0, 0, 0, 0]
Channel #6 [31, 151] [0, 0, 0, 0]
Channel #7 [32, 177] [0, 0, 0, 0]
2024-09-06 22:33:48.306088
Channel #1 [31, 172] [0, 0, 0, 0]
Channel #2 [31, 210] [0, 0, 0, 0]
Channel #3 [31, 164] [0, 0, 0, 0]
Channel #4 [31, 127] [0, 0, 0, 0]
Channel #5 [30, 244] [0, 0, 0, 0]
Channel #6 [31, 151] [0, 0, 0, 0]
Channel #7 [32, 187] [0, 0, 0, 0]
2024-09-06 22:33:48.802729
Channel #1 [31, 160] [0, 0, 0, 0]
Channel #2 [31, 248] [0, 0, 0, 0]
Channel #3 [31, 152] [0, 0, 0, 0]
Channel #4 [31, 127] [0, 0, 0, 0]
Channel #5 [30, 233] [0, 0, 0, 0]
Channel #6 [31, 151] [0, 0, 0, 0]
Channel #7 [32, 184] [0, 0, 0, 0]
2024-09-06 22:33:49.300825
Channel #1 [31, 207] [0, 0, 0, 0]
Channel #2 [31, 188] [0, 0, 0, 0]
Channel #3 [31, 146] [0, 0, 0, 0]
Channel #4 [31, 144] [0, 0, 0, 0]
Channel #5 [30, 239] [0, 0, 0, 0]
Channel #6 [31, 123] [0, 0, 0, 0]
Channel #7 [32, 193] [0, 0, 0, 0]
2024-09-06 22:33:49.798317
Channel #1 [31, 172] [0, 0, 0, 0]
Channel #2 [31, 210] [0, 0, 0, 0]
Channel #3 [31, 140] [0, 0, 0, 0]
Channel #4 [31, 167] [0, 0, 0, 0]
Channel #5 [30, 233] [0, 0, 0, 0]
Channel #6 [31, 146] [0, 0, 0, 0]
Channel #7 [32, 177] [0, 0, 0, 0]
2024-09-06 22:33:50.296161
Channel #1 [31, 178] [0, 0, 0, 0]
Channel #2 [31, 193] [0, 0, 0, 0]
Channel #3 [31, 152] [0, 0, 0, 0]
Channel #4 [31, 138] [0, 0, 0, 0]
Channel #5 [30, 244] [0, 0, 0, 0]
Channel #6 [31, 140] [0, 0, 0, 0]
Channel #7 [32, 157] [0, 0, 0, 0]
2024-09-06 22:33:50.794008
Channel #1 [31, 195] [0, 0, 0, 0]
Channel #2 [31, 248] [0, 0, 0, 0]
Channel #3 [31, 146] [0, 0, 0, 0]
Channel #4 [31, 132] [0, 0, 0, 0]
Channel #5 [31, 0] [0, 0, 0, 0]
Channel #6 [31, 146] [0, 0, 0, 0]
Channel #7 [32, 172] [0, 0, 0, 0]
2024-09-06 22:33:51.291478
Channel #1 [31, 172] [0, 0, 0, 0]
Channel #2 [31, 231] [0, 0, 0, 0]
Channel #3 [31, 152] [0, 0, 0, 0]
Channel #4 [31, 132] [0, 0, 0, 0]
Channel #5 [30, 228] [0, 0, 0, 0]
Channel #6 [31, 151] [0, 0, 0, 0]
Channel #7 [32, 190] [0, 0, 0, 0]
2024-09-06 22:33:51.788989
Channel #1 [31, 219] [0, 0, 0, 0]
Channel #2 [32, 26] [0, 0, 0, 0]
Channel #3 [31, 146] [0, 0, 0, 0]
Channel #4 [31, 138] [0, 0, 0, 0]
Channel #5 [31, 5] [0, 0, 0, 0]
Channel #6 [31, 146] [0, 0, 0, 0]
Channel #7 [32, 184] [0, 0, 0, 0]
2024-09-06 22:33:52.286075
Channel #1 [31, 137] [0, 0, 0, 0]
Channel #2 [31, 215] [0, 0, 0, 0]
Channel #3 [31, 152] [0, 0, 0, 0]
Channel #4 [31, 132] [0, 0, 0, 0]
Channel #5 [30, 217] [0, 0, 0, 0]
Channel #6 [31, 146] [0, 0, 0, 0]
Channel #7 [32, 181] [0, 0, 0, 0]
2024-09-06 22:33:52.783995
Channel #1 [31, 166] [0, 0, 0, 0]
Channel #2 [31, 199] [0, 0, 0, 0]
Channel #3 [31, 152] [0, 0, 0, 0]
Channel #4 [31, 155] [0, 0, 0, 0]
Channel #5 [30, 250] [0, 0, 0, 0]
Channel #6 [31, 140] [0, 0, 0, 0]
Channel #7 [32, 175] [0, 0, 0, 0]
2024-09-06 22:33:53.281288
Channel #1 [31, 166] [0, 0, 0, 0]
Channel #2 [31, 242] [0, 0, 0, 0]
Channel #3 [31, 164] [0, 0, 0, 0]
Channel #4 [31, 149] [0, 0, 0, 0]
Channel #5 [31, 0] [0, 0, 0, 0]
Channel #6 [31, 151] [0, 0, 0, 0]
Channel #7 [32, 190] [0, 0, 0, 0]
2024-09-06 22:33:53.781264
Channel #1 [31, 149] [0, 0, 0, 0]
Channel #2 [30, 250] [0, 0, 0, 0]
Channel #3 [31, 129] [0, 0, 0, 0]
Channel #4 [32, 168] [0, 0, 0, 0]
Channel #5 [31, 219] [0, 0, 0, 0]
Channel #6 [31, 253] [0, 0, 0, 0]
Channel #7 [31, 146] [0, 0, 0, 0]
2024-09-06 22:33:54.278206
Channel #1 [31, 144] [0, 0, 0, 0]
Channel #2 [30, 233] [0, 0, 0, 0]
Channel #3 [31, 140] [0, 0, 0, 0]
Channel #4 [32, 187] [0, 0, 0, 0]
Channel #5 [31, 160] [0, 0, 0, 0]
Channel #6 [31, 204] [0, 0, 0, 0]
Channel #7 [31, 140] [0, 0, 0, 0]
2024-09-06 22:33:54.776391
Channel #1 [31, 138] [0, 0, 0, 0]
Channel #2 [31, 5] [0, 0, 0, 0]
Channel #3 [31, 140] [0, 0, 0, 0]
Channel #4 [32, 180] [0, 0, 0, 0]
Channel #5 [31, 213] [0, 0, 0, 0]
Channel #6 [31, 210] [0, 0, 0, 0]
Channel #7 [31, 164] [0, 0, 0, 0]
2024-09-06 22:33:55.273424
Channel #1 [31, 127] [0, 0, 0, 0]
Channel #2 [30, 250] [0, 0, 0, 0]
Channel #3 [31, 140] [0, 0, 0, 0]
Channel #4 [32, 171] [0, 0, 0, 0]
Channel #5 [31, 155] [0, 0, 0, 0]
Channel #6 [31, 221] [0, 0, 0, 0]
Channel #7 [31, 140] [0, 0, 0, 0]
2024-09-06 22:33:55.771390
Channel #1 [31, 138] [0, 0, 0, 0]
Channel #2 [30, 244] [0, 0, 0, 0]
Channel #3 [31, 151] [0, 0, 0, 0]
Channel #4 [32, 180] [0, 0, 0, 0]
Channel #5 [31, 195] [0, 0, 0, 0]
Channel #6 [31, 226] [0, 0, 0, 0]
Channel #7 [31, 158] [0, 0, 0, 0]
2024-09-06 22:33:56.270802
Channel #1 [31, 161] [0, 0, 0, 0]
Channel #2 [31, 17] [0, 0, 0, 0]
Channel #3 [31, 140] [0, 0, 0, 0]
Channel #4 [32, 191] [0, 0, 0, 0]
Channel #5 [31, 155] [0, 0, 0, 0]
Channel #6 [31, 237] [0, 0, 0, 0]
Channel #7 [31, 152] [0, 0, 0, 0]
2024-09-06 22:33:56.768775
Channel #1 [31, 138] [0, 0, 0, 0]
Channel #2 [30, 217] [0, 0, 0, 0]
Channel #3 [31, 157] [0, 0, 0, 0]
Channel #4 [32, 178] [0, 0, 0, 0]
Channel #5 [31, 201] [0, 0, 0, 0]
Channel #6 [31, 204] [0, 0, 0, 0]
Channel #7 [31, 152] [0, 0, 0, 0]
2024-09-06 22:33:57.265948
Channel #1 [31, 121] [0, 0, 0, 0]
Channel #2 [30, 239] [0, 0, 0, 0]
Channel #3 [31, 140] [0, 0, 0, 0]
Channel #4 [32, 175] [0, 0, 0, 0]
Channel #5 [31, 178] [0, 0, 0, 0]
Channel #6 [31, 242] [0, 0, 0, 0]
Channel #7 [31, 140] [0, 0, 0, 0]
2024-09-06 22:33:57.763844
Channel #1 [31, 132] [0, 0, 0, 0]
Channel #2 [30, 250] [0, 0, 0, 0]
Channel #3 [31, 129] [0, 0, 0, 0]
Channel #4 [32, 170] [0, 0, 0, 0]
Channel #5 [31, 189] [0, 0, 0, 0]
Channel #6 [31, 210] [0, 0, 0, 0]
Channel #7 [31, 164] [0, 0, 0, 0]
2024-09-06 22:33:58.260693
Channel #1 [31, 161] [0, 0, 0, 0]
Channel #2 [30, 233] [0, 0, 0, 0]
Channel #3 [31, 129] [0, 0, 0, 0]
Channel #4 [32, 168] [0, 0, 0, 0]
Channel #5 [31, 201] [0, 0, 0, 0]
Channel #6 [31, 226] [0, 0, 0, 0]
Channel #7 [31, 146] [0, 0, 0, 0]
2024-09-06 22:33:58.758241
Channel #1 [31, 138] [0, 0, 0, 0]
Channel #2 [30, 239] [0, 0, 0, 0]
Channel #3 [31, 106] [0, 0, 0, 0]
Channel #4 [32, 170] [0, 0, 0, 0]
Channel #5 [31, 172] [0, 0, 0, 0]
Channel #6 [31, 188] [0, 0, 0, 0]
Channel #7 [31, 128] [0, 0, 0, 0]
2024-09-06 22:33:59.259313
Channel #1 [31, 132] [0, 0, 0, 0]
Channel #2 [30, 244] [0, 0, 0, 0]
Channel #3 [31, 151] [0, 0, 0, 0]
Channel #4 [32, 196] [0, 0, 0, 0]
Channel #5 [31, 195] [0, 0, 0, 0]
Channel #6 [31, 231] [0, 0, 0, 0]
Channel #7 [31, 128] [0, 0, 0, 0]
2024-09-06 22:33:59.756873
Channel #1 [31, 144] [0, 0, 0, 0]
Channel #2 [31, 5] [0, 0, 0, 0]
Channel #3 [31, 157] [0, 0, 0, 0]
Channel #4 [32, 197] [0, 0, 0, 0]
Channel #5 [31, 125] [0, 0, 0, 0]
Channel #6 [31, 226] [0, 0, 0, 0]
Channel #7 [31, 140] [0, 0, 0, 0]
2024-09-06 22:34:00.253473
Channel #1 [31, 144] [0, 0, 0, 0]
Channel #2 [30, 217] [0, 0, 0, 0]
Channel #3 [31, 174] [0, 0, 0, 0]
Channel #4 [32, 190] [0, 0, 0, 0]
Channel #5 [31, 160] [0, 0, 0, 0]
Channel #6 [31, 199] [0, 0, 0, 0]
Channel #7 [31, 152] [0, 0, 0, 0]
2024-09-06 22:34:00.750897
Channel #1 [31, 127] [0, 0, 0, 0]
Channel #2 [30, 244] [0, 0, 0, 0]
Channel #3 [31, 168] [0, 0, 0, 0]
Channel #4 [32, 190] [0, 0, 0, 0]
Channel #5 [31, 172] [0, 0, 0, 0]
Channel #6 [31, 182] [0, 0, 0, 0]
Channel #7 [31, 134] [0, 0, 0, 0]
2024-09-06 22:34:01.246933
Channel #1 [31, 127] [0, 0, 0, 0]
Channel #2 [30, 250] [0, 0, 0, 0]
Channel #3 [31, 162] [0, 0, 0, 0]
Channel #4 [32, 177] [0, 0, 0, 0]
Channel #5 [31, 172] [0, 0, 0, 0]
Channel #6 [31, 204] [0, 0, 0, 0]
Channel #7 [31, 146] [0, 0, 0, 0]
2024-09-06 22:34:01.744357
Channel #1 [31, 161] [0, 0, 0, 0]
Channel #2 [30, 228] [0, 0, 0, 0]
Channel #3 [31, 100] [0, 0, 0, 0]
Channel #4 [32, 180] [0, 0, 0, 0]
Channel #5 [31, 184] [0, 0, 0, 0]
Channel #6 [31, 242] [0, 0, 0, 0]
Channel #7 [31, 152] [0, 0, 0, 0]
2024-09-06 22:34:02.240849
Channel #1 [31, 149] [0, 0, 0, 0]
Channel #2 [30, 239] [0, 0, 0, 0]
Channel #3 [31, 129] [0, 0, 0, 0]
Channel #4 [32, 168] [0, 0, 0, 0]
Channel #5 [31, 195] [0, 0, 0, 0]
Channel #6 [31, 161] [0, 0, 0, 0]
Channel #7 [31, 128] [0, 0, 0, 0]
2024-09-06 22:34:02.738738
Channel #1 [31, 138] [0, 0, 0, 0]
Channel #2 [30, 239] [0, 0, 0, 0]
Channel #3 [31, 151] [0, 0, 0, 0]
Channel #4 [32, 196] [0, 0, 0, 0]
Channel #5 [31, 178] [0, 0, 0, 0]
Channel #6 [31, 237] [0, 0, 0, 0]
Channel #7 [31, 134] [0, 0, 0, 0]
2024-09-06 22:34:03.235292
Channel #1 [31, 144] [0, 0, 0, 0]
Channel #2 [31, 5] [0, 0, 0, 0]
Channel #3 [31, 151] [0, 0, 0, 0]
Channel #4 [32, 162] [0, 0, 0, 0]
Channel #5 [31, 149] [0, 0, 0, 0]
Channel #6 [31, 182] [0, 0, 0, 0]
Channel #7 [31, 140] [0, 0, 0, 0]
2024-09-06 22:34:03.733106
Channel #1 [31, 132] [0, 0, 0, 0]
Channel #2 [30, 239] [0, 0, 0, 0]
Channel #3 [31, 151] [0, 0, 0, 0]
Channel #4 [32, 190] [0, 0, 0, 0]
Channel #5 [31, 184] [0, 0, 0, 0]
Channel #6 [31, 226] [0, 0, 0, 0]
Channel #7 [31, 146] [0, 0, 0, 0]
2024-09-06 22:34:04.229664
Channel #1 [31, 138] [0, 0, 0, 0]
Channel #2 [30, 217] [0, 0, 0, 0]
Channel #3 [31, 151] [0, 0, 0, 0]
Channel #4 [32, 180] [0, 0, 0, 0]
Channel #5 [31, 184] [0, 0, 0, 0]
Channel #6 [31, 193] [0, 0, 0, 0]
Channel #7 [31, 134] [0, 0, 0, 0]
2024-09-06 22:34:04.727524
Channel #1 [31, 149] [0, 0, 0, 0]
Channel #2 [30, 222] [0, 0, 0, 0]
Channel #3 [31, 151] [0, 0, 0, 0]
Channel #4 [32, 193] [0, 0, 0, 0]
Channel #5 [31, 166] [0, 0, 0, 0]
Channel #6 [31, 226] [0, 0, 0, 0]
Channel #7 [31, 158] [0, 0, 0, 0]
2024-09-06 22:34:05.224673
Channel #1 [31, 144] [0, 0, 0, 0]
Channel #2 [30, 239] [0, 0, 0, 0]
Channel #3 [31, 151] [0, 0, 0, 0]
Channel #4 [32, 197] [0, 0, 0, 0]
Channel #5 [31, 178] [0, 0, 0, 0]
Channel #6 [31, 210] [0, 0, 0, 0]
Channel #7 [31, 128] [0, 0, 0, 0]
2024-09-06 22:34:05.722412
Channel #1 [31, 144] [0, 0, 0, 0]
Channel #2 [31, 0] [0, 0, 0, 0]
Channel #3 [31, 140] [0, 0, 0, 0]
Channel #4 [32, 184] [0, 0, 0, 0]
Channel #5 [31, 160] [0, 0, 0, 0]
Channel #6 [31, 237] [0, 0, 0, 0]
Channel #7 [31, 146] [0, 0, 0, 0]
2024-09-06 22:34:06.220151
Channel #1 [31, 132] [0, 0, 0, 0]
Channel #2 [30, 239] [0, 0, 0, 0]
Channel #3 [31, 140] [0, 0, 0, 0]
Channel #4 [32, 203] [0, 0, 0, 0]
Channel #5 [31, 166] [0, 0, 0, 0]
Channel #6 [32, 3] [0, 0, 0, 0]
Channel #7 [31, 146] [0, 0, 0, 0]
2024-09-06 22:34:06.717796
Channel #1 [31, 167] [0, 0, 0, 0]
Channel #2 [30, 212] [0, 0, 0, 0]
Channel #3 [31, 140] [0, 0, 0, 0]
Channel #4 [32, 180] [0, 0, 0, 0]
Channel #5 [31, 201] [0, 0, 0, 0]
Channel #6 [31, 210] [0, 0, 0, 0]
Channel #7 [31, 146] [0, 0, 0, 0]
2024-09-06 22:34:07.214984
Channel #1 [31, 155] [0, 0, 0, 0]
Channel #2 [30, 250] [0, 0, 0, 0]
Channel #3 [31, 134] [0, 0, 0, 0]
Channel #4 [32, 178] [0, 0, 0, 0]
Channel #5 [31, 195] [0, 0, 0, 0]
Channel #6 [31, 177] [0, 0, 0, 0]
Channel #7 [31, 140] [0, 0, 0, 0]
2024-09-06 22:34:07.712181
Channel #1 [31, 149] [0, 0, 0, 0]
Channel #2 [30, 239] [0, 0, 0, 0]
Channel #3 [31, 157] [0, 0, 0, 0]
Channel #4 [32, 181] [0, 0, 0, 0]
Channel #5 [31, 172] [0, 0, 0, 0]
Channel #6 [31, 210] [0, 0, 0, 0]
Channel #7 [31, 146] [0, 0, 0, 0]
2024-09-06 22:34:08.208692
Channel #1 [31, 132] [0, 0, 0, 0]
Channel #2 [30, 228] [0, 0, 0, 0]
Channel #3 [31, 140] [0, 0, 0, 0]
Channel #4 [32, 184] [0, 0, 0, 0]
Channel #5 [31, 213] [0, 0, 0, 0]
Channel #6 [31, 199] [0, 0, 0, 0]
Channel #7 [31, 134] [0, 0, 0, 0]
2024-09-06 22:34:08.706335
Channel #1 [31, 138] [0, 0, 0, 0]
Channel #2 [30, 228] [0, 0, 0, 0]
Channel #3 [31, 134] [0, 0, 0, 0]
Channel #4 [32, 178] [0, 0, 0, 0]
Channel #5 [31, 207] [0, 0, 0, 0]
Channel #6 [31, 182] [0, 0, 0, 0]
Channel #7 [31, 146] [0, 0, 0, 0]
2024-09-06 22:34:09.203413
Channel #1 [31, 149] [0, 0, 0, 0]
Channel #2 [30, 244] [0, 0, 0, 0]
Channel #3 [31, 151] [0, 0, 0, 0]
Channel #4 [32, 168] [0, 0, 0, 0]
Channel #5 [31, 166] [0, 0, 0, 0]
Channel #6 [31, 215] [0, 0, 0, 0]
Channel #7 [31, 158] [0, 0, 0, 0]
2024-09-06 22:34:09.699774
Channel #1 [31, 155] [0, 0, 0, 0]
Channel #2 [30, 239] [0, 0, 0, 0]
Channel #3 [31, 151] [0, 0, 0, 0]
Channel #4 [32, 177] [0, 0, 0, 0]
Channel #5 [31, 166] [0, 0, 0, 0]
Channel #6 [31, 221] [0, 0, 0, 0]
Channel #7 [31, 152] [0, 0, 0, 0]
2024-09-06 22:34:10.196699
Channel #1 [31, 127] [0, 0, 0, 0]
Channel #2 [30, 239] [0, 0, 0, 0]
Channel #3 [31, 151] [0, 0, 0, 0]
Channel #4 [32, 184] [0, 0, 0, 0]
Channel #5 [31, 178] [0, 0, 0, 0]
Channel #6 [31, 193] [0, 0, 0, 0]
Channel #7 [31, 140] [0, 0, 0, 0]
2024-09-06 22:34:10.694280
Channel #1 [31, 138] [0, 0, 0, 0]
Channel #2 [31, 0] [0, 0, 0, 0]
Channel #3 [31, 157] [0, 0, 0, 0]
Channel #4 [32, 175] [0, 0, 0, 0]
Channel #5 [31, 207] [0, 0, 0, 0]
Channel #6 [31, 204] [0, 0, 0, 0]
Channel #7 [31, 140] [0, 0, 0, 0]
2024-09-06 22:34:11.191859
Channel #1 [31, 149] [0, 0, 0, 0]
Channel #2 [30, 239] [0, 0, 0, 0]
Channel #3 [31, 151] [0, 0, 0, 0]
Channel #4 [32, 162] [0, 0, 0, 0]
Channel #5 [31, 184] [0, 0, 0, 0]
Channel #6 [31, 215] [0, 0, 0, 0]
Channel #7 [31, 152] [0, 0, 0, 0]
2024-09-06 22:34:11.688041
Channel #1 [31, 144] [0, 0, 0, 0]
Channel #2 [30, 244] [0, 0, 0, 0]
Channel #3 [31, 151] [0, 0, 0, 0]
Channel #4 [32, 183] [0, 0, 0, 0]
Channel #5 [31, 189] [0, 0, 0, 0]
Channel #6 [31, 188] [0, 0, 0, 0]
Channel #7 [31, 146] [0, 0, 0, 0]
2024-09-06 22:34:12.189035
Channel #1 [31, 182] [0, 0, 0, 0]
Channel #2 [31, 146] [0, 0, 0, 0]
Channel #3 [31, 149] [0, 0, 0, 0]
Channel #4 [30, 212] [0, 0, 0, 0]
Channel #5 [31, 134] [0, 0, 0, 0]
Channel #6 [32, 180] [0, 0, 0, 0]
Channel #7 [31, 178] [0, 0, 0, 0]
2024-09-06 22:34:12.685523
Channel #1 [31, 193] [0, 0, 0, 0]
Channel #2 [31, 140] [0, 0, 0, 0]
Channel #3 [31, 132] [0, 0, 0, 0]
Channel #4 [31, 0] [0, 0, 0, 0]
Channel #5 [31, 162] [0, 0, 0, 0]
Channel #6 [32, 183] [0, 0, 0, 0]
Channel #7 [31, 160] [0, 0, 0, 0]
2024-09-06 22:34:13.182902
Channel #1 [31, 221] [0, 0, 0, 0]
Channel #2 [31, 152] [0, 0, 0, 0]
Channel #3 [31, 138] [0, 0, 0, 0]
Channel #4 [30, 233] [0, 0, 0, 0]
Channel #5 [31, 146] [0, 0, 0, 0]
Channel #6 [32, 177] [0, 0, 0, 0]
Channel #7 [31, 166] [0, 0, 0, 0]
2024-09-06 22:34:13.678627
Channel #1 [31, 231] [0, 0, 0, 0]
Channel #2 [31, 146] [0, 0, 0, 0]
Channel #3 [31, 149] [0, 0, 0, 0]
Channel #4 [30, 239] [0, 0, 0, 0]
Channel #5 [31, 151] [0, 0, 0, 0]
Channel #6 [32, 178] [0, 0, 0, 0]
Channel #7 [31, 207] [0, 0, 0, 0]
2024-09-06 22:34:14.175365
Channel #1 [31, 215] [0, 0, 0, 0]
Channel #2 [31, 158] [0, 0, 0, 0]
Channel #3 [31, 127] [0, 0, 0, 0]
Channel #4 [30, 222] [0, 0, 0, 0]
Channel #5 [31, 162] [0, 0, 0, 0]
Channel #6 [32, 191] [0, 0, 0, 0]
Channel #7 [31, 189] [0, 0, 0, 0]
2024-09-06 22:34:14.671623
Channel #1 [31, 166] [0, 0, 0, 0]
Channel #2 [31, 152] [0, 0, 0, 0]
Channel #3 [31, 149] [0, 0, 0, 0]
Channel #4 [30, 239] [0, 0, 0, 0]
Channel #5 [31, 157] [0, 0, 0, 0]
Channel #6 [32, 180] [0, 0, 0, 0]
Channel #7 [31, 166] [0, 0, 0, 0]
2024-09-06 22:34:15.169051
Channel #1 [31, 199] [0, 0, 0, 0]
Channel #2 [31, 152] [0, 0, 0, 0]
Channel #3 [31, 149] [0, 0, 0, 0]
Channel #4 [30, 228] [0, 0, 0, 0]
Channel #5 [31, 140] [0, 0, 0, 0]
Channel #6 [32, 191] [0, 0, 0, 0]
Channel #7 [31, 201] [0, 0, 0, 0]
2024-09-06 22:34:15.665556
Channel #1 [31, 199] [0, 0, 0, 0]
Channel #2 [31, 164] [0, 0, 0, 0]
Channel #3 [31, 149] [0, 0, 0, 0]
Channel #4 [30, 239] [0, 0, 0, 0]
Channel #5 [31, 134] [0, 0, 0, 0]
Channel #6 [32, 158] [0, 0, 0, 0]
Channel #7 [31, 178] [0, 0, 0, 0]
2024-09-06 22:34:16.162944
Channel #1 [31, 182] [0, 0, 0, 0]
Channel #2 [31, 152] [0, 0, 0, 0]
Channel #3 [31, 138] [0, 0, 0, 0]
Channel #4 [31, 11] [0, 0, 0, 0]
Channel #5 [31, 151] [0, 0, 0, 0]
Channel #6 [32, 191] [0, 0, 0, 0]
Channel #7 [31, 195] [0, 0, 0, 0]
2024-09-06 22:34:16.659633
Channel #1 [31, 242] [0, 0, 0, 0]
Channel #2 [31, 152] [0, 0, 0, 0]
Channel #3 [31, 138] [0, 0, 0, 0]
Channel #4 [30, 239] [0, 0, 0, 0]
Channel #5 [31, 157] [0, 0, 0, 0]
Channel #6 [32, 184] [0, 0, 0, 0]
Channel #7 [31, 172] [0, 0, 0, 0]
2024-09-06 22:34:17.157448
Channel #1 [31, 193] [0, 0, 0, 0]
Channel #2 [31, 158] [0, 0, 0, 0]
Channel #3 [31, 138] [0, 0, 0, 0]
Channel #4 [30, 228] [0, 0, 0, 0]
Channel #5 [31, 151] [0, 0, 0, 0]
Channel #6 [32, 171] [0, 0, 0, 0]
Channel #7 [31, 178] [0, 0, 0, 0]
2024-09-06 22:34:17.653601
Channel #1 [31, 161] [0, 0, 0, 0]
Channel #2 [31, 146] [0, 0, 0, 0]
Channel #3 [31, 144] [0, 0, 0, 0]
Channel #4 [30, 233] [0, 0, 0, 0]
Channel #5 [31, 162] [0, 0, 0, 0]
Channel #6 [32, 193] [0, 0, 0, 0]
Channel #7 [31, 184] [0, 0, 0, 0]
2024-09-06 22:34:18.151440
Channel #1 [32, 14] [0, 0, 0, 0]
Channel #2 [31, 146] [0, 0, 0, 0]
Channel #3 [31, 132] [0, 0, 0, 0]
Channel #4 [30, 250] [0, 0, 0, 0]
Channel #5 [31, 134] [0, 0, 0, 0]
Channel #6 [32, 175] [0, 0, 0, 0]
Channel #7 [31, 166] [0, 0, 0, 0]
2024-09-06 22:34:18.648051
Channel #1 [31, 210] [0, 0, 0, 0]
Channel #2 [31, 146] [0, 0, 0, 0]
Channel #3 [31, 144] [0, 0, 0, 0]
Channel #4 [31, 11] [0, 0, 0, 0]
Channel #5 [31, 146] [0, 0, 0, 0]
Channel #6 [32, 172] [0, 0, 0, 0]
Channel #7 [31, 178] [0, 0, 0, 0]
2024-09-06 22:34:19.145843
Channel #1 [31, 226] [0, 0, 0, 0]
Channel #2 [31, 152] [0, 0, 0, 0]
Channel #3 [31, 161] [0, 0, 0, 0]
Channel #4 [31, 17] [0, 0, 0, 0]
Channel #5 [31, 140] [0, 0, 0, 0]
Channel #6 [32, 154] [0, 0, 0, 0]
Channel #7 [31, 189] [0, 0, 0, 0]
2024-09-06 22:34:19.642785
Channel #1 [31, 204] [0, 0, 0, 0]
Channel #2 [31, 140] [0, 0, 0, 0]
Channel #3 [31, 149] [0, 0, 0, 0]
Channel #4 [31, 38] [0, 0, 0, 0]
Channel #5 [31, 157] [0, 0, 0, 0]
Channel #6 [32, 172] [0, 0, 0, 0]
Channel #7 [31, 195] [0, 0, 0, 0]
2024-09-06 22:34:20.140662
Channel #1 [31, 215] [0, 0, 0, 0]
Channel #2 [31, 146] [0, 0, 0, 0]
Channel #3 [31, 138] [0, 0, 0, 0]
Channel #4 [31, 49] [0, 0, 0, 0]
Channel #5 [31, 151] [0, 0, 0, 0]
Channel #6 [32, 157] [0, 0, 0, 0]
Channel #7 [31, 189] [0, 0, 0, 0]
2024-09-06 22:34:20.637530
Channel #1 [31, 182] [0, 0, 0, 0]
Channel #2 [31, 158] [0, 0, 0, 0]
Channel #3 [31, 132] [0, 0, 0, 0]
Channel #4 [31, 49] [0, 0, 0, 0]
Channel #5 [31, 151] [0, 0, 0, 0]
Channel #6 [32, 157] [0, 0, 0, 0]
Channel #7 [31, 178] [0, 0, 0, 0]
2024-09-06 22:34:21.135139
Channel #1 [31, 182] [0, 0, 0, 0]
Channel #2 [31, 134] [0, 0, 0, 0]
Channel #3 [31, 132] [0, 0, 0, 0]
Channel #4 [32, 150] [0, 0, 0, 0]
Channel #5 [31, 189] [0, 0, 0, 0]
Channel #6 [31, 226] [0, 0, 0, 0]
Channel #7 [31, 140] [0, 0, 0, 0]
2024-09-06 22:34:21.631755
Channel #1 [31, 138] [0, 0, 0, 0]
Channel #2 [31, 86] [0, 0, 0, 0]
Channel #3 [31, 140] [0, 0, 0, 0]
Channel #4 [32, 148] [0, 0, 0, 0]
Channel #5 [31, 184] [0, 0, 0, 0]
Channel #6 [31, 172] [0, 0, 0, 0]
Channel #7 [31, 146] [0, 0, 0, 0]
2024-09-06 22:34:22.129327
Channel #1 [31, 138] [0, 0, 0, 0]
Channel #2 [31, 86] [0, 0, 0, 0]
Channel #3 [31, 151] [0, 0, 0, 0]
Channel #4 [32, 153] [0, 0, 0, 0]
Channel #5 [31, 178] [0, 0, 0, 0]
Channel #6 [31, 166] [0, 0, 0, 0]
Channel #7 [31, 146] [0, 0, 0, 0]
2024-09-06 22:34:22.625215
Channel #1 [31, 132] [0, 0, 0, 0]
Channel #2 [31, 102] [0, 0, 0, 0]
Channel #3 [31, 157] [0, 0, 0, 0]
Channel #4 [32, 148] [0, 0, 0, 0]
Channel #5 [31, 195] [0, 0, 0, 0]
Channel #6 [31, 204] [0, 0, 0, 0]
Channel #7 [31, 146] [0, 0, 0, 0]
2024-09-06 22:34:23.122793
Channel #1 [31, 127] [0, 0, 0, 0]
Channel #2 [31, 118] [0, 0, 0, 0]
Channel #3 [31, 162] [0, 0, 0, 0]
Channel #4 [32, 138] [0, 0, 0, 0]
Channel #5 [31, 195] [0, 0, 0, 0]
Channel #6 [31, 177] [0, 0, 0, 0]
Channel #7 [31, 152] [0, 0, 0, 0]
2024-09-06 22:34:23.618830
Channel #1 [31, 138] [0, 0, 0, 0]
Channel #2 [31, 129] [0, 0, 0, 0]
Channel #3 [31, 162] [0, 0, 0, 0]
Channel #4 [32, 141] [0, 0, 0, 0]
Channel #5 [31, 201] [0, 0, 0, 0]
Channel #6 [31, 182] [0, 0, 0, 0]
Channel #7 [31, 146] [0, 0, 0, 0]
2024-09-06 22:34:24.116304
Channel #1 [31, 138] [0, 0, 0, 0]
Channel #2 [31, 129] [0, 0, 0, 0]
Channel #3 [31, 162] [0, 0, 0, 0]
Channel #4 [32, 141] [0, 0, 0, 0]
Channel #5 [31, 178] [0, 0, 0, 0]
Channel #6 [31, 193] [0, 0, 0, 0]
Channel #7 [31, 146] [0, 0, 0, 0]
2024-09-06 22:34:24.613201
Channel #1 [31, 138] [0, 0, 0, 0]
Channel #2 [31, 145] [0, 0, 0, 0]
Channel #3 [31, 157] [0, 0, 0, 0]
Channel #4 [32, 135] [0, 0, 0, 0]
Channel #5 [31, 195] [0, 0, 0, 0]
Channel #6 [31, 188] [0, 0, 0, 0]
Channel #7 [31, 146] [0, 0, 0, 0]
2024-09-06 22:34:25.110282
Channel #1 [31, 138] [0, 0, 0, 0]
Channel #2 [31, 145] [0, 0, 0, 0]
Channel #3 [31, 157] [0, 0, 0, 0]
Channel #4 [32, 132] [0, 0, 0, 0]
Channel #5 [31, 195] [0, 0, 0, 0]
Channel #6 [31, 188] [0, 0, 0, 0]
Channel #7 [31, 146] [0, 0, 0, 0]
2024-09-06 22:34:25.608099
Channel #1 [31, 132] [0, 0, 0, 0]
Channel #2 [31, 156] [0, 0, 0, 0]
Channel #3 [31, 162] [0, 0, 0, 0]
Channel #4 [32, 134] [0, 0, 0, 0]
Channel #5 [31, 207] [0, 0, 0, 0]
Channel #6 [31, 193] [0, 0, 0, 0]
Channel #7 [31, 146] [0, 0, 0, 0]
2024-09-06 22:34:26.105415
Channel #1 [31, 138] [0, 0, 0, 0]
Channel #2 [31, 156] [0, 0, 0, 0]
Channel #3 [31, 157] [0, 0, 0, 0]
Channel #4 [32, 135] [0, 0, 0, 0]
Channel #5 [31, 195] [0, 0, 0, 0]
Channel #6 [31, 188] [0, 0, 0, 0]
Channel #7 [31, 152] [0, 0, 0, 0]
2024-09-06 22:34:26.603626
Channel #1 [31, 132] [0, 0, 0, 0]
Channel #2 [31, 156] [0, 0, 0, 0]
Channel #3 [31, 162] [0, 0, 0, 0]
Channel #4 [32, 134] [0, 0, 0, 0]
Channel #5 [31, 195] [0, 0, 0, 0]
Channel #6 [31, 199] [0, 0, 0, 0]
Channel #7 [31, 146] [0, 0, 0, 0]
2024-09-06 22:34:27.100244
Channel #1 [31, 138] [0, 0, 0, 0]
Channel #2 [31, 156] [0, 0, 0, 0]
Channel #3 [31, 162] [0, 0, 0, 0]
Channel #4 [32, 127] [0, 0, 0, 0]
Channel #5 [31, 195] [0, 0, 0, 0]
Channel #6 [31, 188] [0, 0, 0, 0]
Channel #7 [31, 152] [0, 0, 0, 0]
2024-09-06 22:34:27.598542
Channel #1 [31, 138] [0, 0, 0, 0]
Channel #2 [31, 156] [0, 0, 0, 0]
Channel #3 [31, 162] [0, 0, 0, 0]
Channel #4 [32, 132] [0, 0, 0, 0]
Channel #5 [31, 201] [0, 0, 0, 0]
Channel #6 [31, 182] [0, 0, 0, 0]
Channel #7 [31, 146] [0, 0, 0, 0]
2024-09-06 22:34:28.095361
Channel #1 [31, 132] [0, 0, 0, 0]
Channel #2 [31, 167] [0, 0, 0, 0]
Channel #3 [31, 157] [0, 0, 0, 0]
Channel #4 [32, 131] [0, 0, 0, 0]
Channel #5 [31, 189] [0, 0, 0, 0]
Channel #6 [31, 182] [0, 0, 0, 0]
Channel #7 [31, 152] [0, 0, 0, 0]
2024-09-06 22:34:28.593225
Channel #1 [31, 138] [0, 0, 0, 0]
Channel #2 [31, 167] [0, 0, 0, 0]
Channel #3 [31, 162] [0, 0, 0, 0]
Channel #4 [32, 129] [0, 0, 0, 0]
Channel #5 [31, 201] [0, 0, 0, 0]
Channel #6 [31, 188] [0, 0, 0, 0]
Channel #7 [31, 140] [0, 0, 0, 0]
2024-09-06 22:34:29.089491
Channel #1 [31, 132] [0, 0, 0, 0]
Channel #2 [31, 167] [0, 0, 0, 0]
Channel #3 [31, 162] [0, 0, 0, 0]
Channel #4 [32, 128] [0, 0, 0, 0]
Channel #5 [31, 195] [0, 0, 0, 0]
Channel #6 [31, 188] [0, 0, 0, 0]
Channel #7 [31, 146] [0, 0, 0, 0]
2024-09-06 22:34:29.587170
Channel #1 [31, 132] [0, 0, 0, 0]
Channel #2 [31, 161] [0, 0, 0, 0]
Channel #3 [31, 162] [0, 0, 0, 0]
Channel #4 [32, 127] [0, 0, 0, 0]
Channel #5 [31, 207] [0, 0, 0, 0]
Channel #6 [31, 188] [0, 0, 0, 0]
Channel #7 [31, 146] [0, 0, 0, 0]
2024-09-06 22:34:30.083470
Channel #1 [31, 132] [0, 0, 0, 0]
Channel #2 [31, 161] [0, 0, 0, 0]
Channel #3 [31, 162] [0, 0, 0, 0]
Channel #4 [32, 128] [0, 0, 0, 0]
Channel #5 [31, 189] [0, 0, 0, 0]
Channel #6 [31, 182] [0, 0, 0, 0]
Channel #7 [31, 146] [0, 0, 0, 0]
2024-09-06 22:34:30.581081
Channel #1 [31, 132] [0, 0, 0, 0]
Channel #2 [31, 167] [0, 0, 0, 0]
Channel #3 [31, 162] [0, 0, 0, 0]
Channel #4 [32, 128] [0, 0, 0, 0]
Channel #5 [31, 201] [0, 0, 0, 0]
Channel #6 [31, 188] [0, 0, 0, 0]
Channel #7 [31, 152] [0, 0, 0, 0]
2024-09-06 22:34:31.077270
Channel #1 [31, 132] [0, 0, 0, 0]
Channel #2 [31, 177] [0, 0, 0, 0]
Channel #3 [31, 162] [0, 0, 0, 0]
Channel #4 [32, 128] [0, 0, 0, 0]
Channel #5 [31, 195] [0, 0, 0, 0]
Channel #6 [31, 199] [0, 0, 0, 0]
Channel #7 [31, 146] [0, 0, 0, 0]
2024-09-06 22:34:31.574852
Channel #1 [31, 138] [0, 0, 0, 0]
Channel #2 [31, 167] [0, 0, 0, 0]
Channel #3 [31, 157] [0, 0, 0, 0]
Channel #4 [32, 127] [0, 0, 0, 0]
Channel #5 [31, 201] [0, 0, 0, 0]
Channel #6 [31, 188] [0, 0, 0, 0]
Channel #7 [31, 152] [0, 0, 0, 0]
2024-09-06 22:34:32.071031
Channel #1 [31, 132] [0, 0, 0, 0]
Channel #2 [31, 172] [0, 0, 0, 0]
Channel #3 [31, 162] [0, 0, 0, 0]
Channel #4 [32, 127] [0, 0, 0, 0]
Channel #5 [31, 189] [0, 0, 0, 0]
Channel #6 [31, 199] [0, 0, 0, 0]
Channel #7 [31, 152] [0, 0, 0, 0]
2024-09-06 22:34:32.568663
Channel #1 [31, 138] [0, 0, 0, 0]
Channel #2 [31, 167] [0, 0, 0, 0]
Channel #3 [31, 162] [0, 0, 0, 0]
Channel #4 [32, 127] [0, 0, 0, 0]
Channel #5 [31, 201] [0, 0, 0, 0]
Channel #6 [31, 182] [0, 0, 0, 0]
Channel #7 [31, 140] [0, 0, 0, 0]
2024-09-06 22:34:33.065532
Channel #1 [31, 138] [0, 0, 0, 0]
Channel #2 [31, 172] [0, 0, 0, 0]
Channel #3 [31, 168] [0, 0, 0, 0]
Channel #4 [32, 125] [0, 0, 0, 0]
Channel #5 [31, 195] [0, 0, 0, 0]
Channel #6 [31, 188] [0, 0, 0, 0]
Channel #7 [31, 152] [0, 0, 0, 0]
2024-09-06 22:34:33.563273
Channel #1 [31, 138] [0, 0, 0, 0]
Channel #2 [31, 172] [0, 0, 0, 0]
Channel #3 [31, 162] [0, 0, 0, 0]
Channel #4 [32, 122] [0, 0, 0, 0]
Channel #5 [31, 207] [0, 0, 0, 0]
Channel #6 [31, 188] [0, 0, 0, 0]
Channel #7 [31, 152] [0, 0, 0, 0]
2024-09-06 22:34:34.060719
Channel #1 [31, 138] [0, 0, 0, 0]
Channel #2 [31, 167] [0, 0, 0, 0]
Channel #3 [31, 162] [0, 0, 0, 0]
Channel #4 [32, 127] [0, 0, 0, 0]
Channel #5 [31, 201] [0, 0, 0, 0]
Channel #6 [31, 188] [0, 0, 0, 0]
Channel #7 [31, 146] [0, 0, 0, 0]
2024-09-06 22:34:34.558313
Channel #1 [31, 144] [0, 0, 0, 0]
Channel #2 [31, 172] [0, 0, 0, 0]
Channel #3 [31, 168] [0, 0, 0, 0]
Channel #4 [32, 125] [0, 0, 0, 0]
Channel #5 [31, 195] [0, 0, 0, 0]
Channel #6 [31, 188] [0, 0, 0, 0]
Channel #7 [31, 152] [0, 0, 0, 0]
2024-09-06 22:34:35.054667
Channel #1 [31, 138] [0, 0, 0, 0]
Channel #2 [31, 167] [0, 0, 0, 0]
Channel #3 [31, 157] [0, 0, 0, 0]
Channel #4 [32, 125] [0, 0, 0, 0]
Channel #5 [31, 201] [0, 0, 0, 0]
Channel #6 [31, 182] [0, 0, 0, 0]
Channel #7 [31, 152] [0, 0, 0, 0]
2024-09-06 22:34:35.552206
Channel #1 [31, 132] [0, 0, 0, 0]
Channel #2 [31, 167] [0, 0, 0, 0]
Channel #3 [31, 132] [0, 0, 0, 0]
Channel #4 [31, 167] [0, 0, 0, 0]
Channel #5 [31, 162] [0, 0, 0, 0]
Channel #6 [32, 124] [0, 0, 0, 0]
Channel #7 [31, 195] [0, 0, 0, 0]
2024-09-06 22:34:36.052871
Channel #1 [31, 182] [0, 0, 0, 0]
Channel #2 [31, 146] [0, 0, 0, 0]
Channel #3 [31, 127] [0, 0, 0, 0]
Channel #4 [31, 172] [0, 0, 0, 0]
Channel #5 [31, 162] [0, 0, 0, 0]
Channel #6 [32, 125] [0, 0, 0, 0]
Channel #7 [31, 195] [0, 0, 0, 0]
2024-09-06 22:34:36.550798
Channel #1 [31, 188] [0, 0, 0, 0]
Channel #2 [31, 152] [0, 0, 0, 0]
Channel #3 [31, 132] [0, 0, 0, 0]
Channel #4 [31, 172] [0, 0, 0, 0]
Channel #5 [31, 174] [0, 0, 0, 0]
Channel #6 [32, 127] [0, 0, 0, 0]
Channel #7 [31, 195] [0, 0, 0, 0]
2024-09-06 22:34:37.047282
Channel #1 [31, 188] [0, 0, 0, 0]
Channel #2 [31, 146] [0, 0, 0, 0]
Channel #3 [31, 138] [0, 0, 0, 0]
Channel #4 [31, 177] [0, 0, 0, 0]
Channel #5 [31, 162] [0, 0, 0, 0]
Channel #6 [32, 127] [0, 0, 0, 0]
Channel #7 [31, 207] [0, 0, 0, 0]
2024-09-06 22:34:37.545104
Channel #1 [31, 188] [0, 0, 0, 0]
Channel #2 [31, 152] [0, 0, 0, 0]
Channel #3 [31, 138] [0, 0, 0, 0]
Channel #4 [31, 167] [0, 0, 0, 0]
Channel #5 [31, 162] [0, 0, 0, 0]
Channel #6 [32, 125] [0, 0, 0, 0]
Channel #7 [31, 201] [0, 0, 0, 0]
2024-09-06 22:34:38.041931
Channel #1 [31, 188] [0, 0, 0, 0]
Channel #2 [31, 146] [0, 0, 0, 0]
Channel #3 [31, 132] [0, 0, 0, 0]
Channel #4 [31, 172] [0, 0, 0, 0]
Channel #5 [31, 162] [0, 0, 0, 0]
Channel #6 [32, 127] [0, 0, 0, 0]
Channel #7 [31, 201] [0, 0, 0, 0]
2024-09-06 22:34:38.539856
Channel #1 [31, 193] [0, 0, 0, 0]
Channel #2 [31, 146] [0, 0, 0, 0]
Channel #3 [31, 132] [0, 0, 0, 0]
Channel #4 [31, 177] [0, 0, 0, 0]
Channel #5 [31, 168] [0, 0, 0, 0]
Channel #6 [32, 125] [0, 0, 0, 0]
Channel #7 [31, 195] [0, 0, 0, 0]
2024-09-06 22:34:39.036750
Channel #1 [31, 188] [0, 0, 0, 0]
Channel #2 [31, 152] [0, 0, 0, 0]
Channel #3 [31, 132] [0, 0, 0, 0]
Channel #4 [31, 172] [0, 0, 0, 0]
Channel #5 [31, 168] [0, 0, 0, 0]
Channel #6 [32, 127] [0, 0, 0, 0]
Channel #7 [31, 195] [0, 0, 0, 0]
2024-09-06 22:34:39.534671
Channel #1 [31, 188] [0, 0, 0, 0]
Channel #2 [31, 152] [0, 0, 0, 0]
Channel #3 [31, 132] [0, 0, 0, 0]
Channel #4 [31, 172] [0, 0, 0, 0]
Channel #5 [31, 157] [0, 0, 0, 0]
Channel #6 [32, 125] [0, 0, 0, 0]
Channel #7 [31, 207] [0, 0, 0, 0]
2024-09-06 22:34:40.031384
Channel #1 [31, 188] [0, 0, 0, 0]
Channel #2 [31, 146] [0, 0, 0, 0]
Channel #3 [31, 132] [0, 0, 0, 0]
Channel #4 [31, 172] [0, 0, 0, 0]
Channel #5 [31, 162] [0, 0, 0, 0]
Channel #6 [32, 124] [0, 0, 0, 0]
Channel #7 [31, 195] [0, 0, 0, 0]
2024-09-06 22:34:40.529363
Channel #1 [31, 188] [0, 0, 0, 0]
Channel #2 [31, 146] [0, 0, 0, 0]
Channel #3 [31, 138] [0, 0, 0, 0]
Channel #4 [31, 167] [0, 0, 0, 0]
Channel #5 [31, 162] [0, 0, 0, 0]
Channel #6 [32, 125] [0, 0, 0, 0]
Channel #7 [31, 195] [0, 0, 0, 0]
2024-09-06 22:34:41.027001
Channel #1 [31, 188] [0, 0, 0, 0]
Channel #2 [31, 146] [0, 0, 0, 0]
Channel #3 [31, 127] [0, 0, 0, 0]
Channel #4 [31, 177] [0, 0, 0, 0]
Channel #5 [31, 157] [0, 0, 0, 0]
Channel #6 [32, 122] [0, 0, 0, 0]
Channel #7 [31, 201] [0, 0, 0, 0]
2024-09-06 22:34:41.525234
Channel #1 [31, 188] [0, 0, 0, 0]
Channel #2 [31, 146] [0, 0, 0, 0]
Channel #3 [31, 138] [0, 0, 0, 0]
Channel #4 [31, 172] [0, 0, 0, 0]
Channel #5 [31, 162] [0, 0, 0, 0]
Channel #6 [32, 125] [0, 0, 0, 0]
Channel #7 [31, 189] [0, 0, 0, 0]
2024-09-06 22:34:42.021595
Channel #1 [31, 182] [0, 0, 0, 0]
Channel #2 [31, 140] [0, 0, 0, 0]
Channel #3 [31, 127] [0, 0, 0, 0]
Channel #4 [31, 177] [0, 0, 0, 0]
Channel #5 [31, 162] [0, 0, 0, 0]
Channel #6 [32, 125] [0, 0, 0, 0]
Channel #7 [31, 195] [0, 0, 0, 0]
2024-09-06 22:34:42.519649
Channel #1 [31, 182] [0, 0, 0, 0]
Channel #2 [31, 146] [0, 0, 0, 0]
Channel #3 [31, 132] [0, 0, 0, 0]
Channel #4 [31, 177] [0, 0, 0, 0]
Channel #5 [31, 162] [0, 0, 0, 0]
Channel #6 [32, 124] [0, 0, 0, 0]
Channel #7 [31, 201] [0, 0, 0, 0]
2024-09-06 22:34:43.017389
Channel #1 [31, 188] [0, 0, 0, 0]
Channel #2 [31, 146] [0, 0, 0, 0]
Channel #3 [31, 138] [0, 0, 0, 0]
Channel #4 [31, 172] [0, 0, 0, 0]
Channel #5 [31, 168] [0, 0, 0, 0]
Channel #6 [32, 124] [0, 0, 0, 0]
Channel #7 [31, 195] [0, 0, 0, 0]
2024-09-06 22:34:43.514715
Channel #1 [31, 182] [0, 0, 0, 0]
Channel #2 [31, 146] [0, 0, 0, 0]
Channel #3 [31, 138] [0, 0, 0, 0]
Channel #4 [31, 172] [0, 0, 0, 0]
Channel #5 [31, 162] [0, 0, 0, 0]
Channel #6 [32, 124] [0, 0, 0, 0]
Channel #7 [31, 201] [0, 0, 0, 0]
2024-09-06 22:34:44.012814
Channel #1 [31, 188] [0, 0, 0, 0]
Channel #2 [31, 152] [0, 0, 0, 0]
Channel #3 [31, 138] [0, 0, 0, 0]
Channel #4 [31, 172] [0, 0, 0, 0]
Channel #5 [31, 168] [0, 0, 0, 0]
Channel #6 [32, 127] [0, 0, 0, 0]
Channel #7 [31, 201] [0, 0, 0, 0]
2024-09-06 22:34:44.508788
Channel #1 [31, 193] [0, 0, 0, 0]
Channel #2 [31, 152] [0, 0, 0, 0]
Channel #3 [31, 132] [0, 0, 0, 0]
Channel #4 [31, 177] [0, 0, 0, 0]
Channel #5 [31, 157] [0, 0, 0, 0]
Channel #6 [32, 124] [0, 0, 0, 0]
Channel #7 [31, 195] [0, 0, 0, 0]
2024-09-06 22:34:45.006703
Channel #1 [31, 177] [0, 0, 0, 0]
Channel #2 [31, 146] [0, 0, 0, 0]
Channel #3 [31, 132] [0, 0, 0, 0]
Channel #4 [31, 177] [0, 0, 0, 0]
Channel #5 [31, 168] [0, 0, 0, 0]
Channel #6 [32, 121] [0, 0, 0, 0]
Channel #7 [31, 201] [0, 0, 0, 0]
2024-09-06 22:34:45.502848
Channel #1 [31, 188] [0, 0, 0, 0]
Channel #2 [31, 158] [0, 0, 0, 0]
Channel #3 [31, 132] [0, 0, 0, 0]
Channel #4 [31, 183] [0, 0, 0, 0]
Channel #5 [31, 168] [0, 0, 0, 0]
Channel #6 [32, 121] [0, 0, 0, 0]
Channel #7 [31, 195] [0, 0, 0, 0]
2024-09-06 22:34:46.000260
Channel #1 [31, 193] [0, 0, 0, 0]
Channel #2 [31, 152] [0, 0, 0, 0]
Channel #3 [31, 132] [0, 0, 0, 0]
Channel #4 [31, 177] [0, 0, 0, 0]
Channel #5 [31, 157] [0, 0, 0, 0]
Channel #6 [32, 124] [0, 0, 0, 0]
Channel #7 [31, 201] [0, 0, 0, 0]
2024-09-06 22:34:46.496449
Channel #1 [31, 188] [0, 0, 0, 0]
Channel #2 [31, 146] [0, 0, 0, 0]
Channel #3 [31, 138] [0, 0, 0, 0]
Channel #4 [31, 172] [0, 0, 0, 0]
Channel #5 [31, 168] [0, 0, 0, 0]
Channel #6 [32, 122] [0, 0, 0, 0]
Channel #7 [31, 201] [0, 0, 0, 0]
2024-09-06 22:34:46.993909
Channel #1 [31, 177] [0, 0, 0, 0]
Channel #2 [31, 152] [0, 0, 0, 0]
Channel #3 [31, 132] [0, 0, 0, 0]
Channel #4 [31, 177] [0, 0, 0, 0]
Channel #5 [31, 162] [0, 0, 0, 0]
Channel #6 [32, 121] [0, 0, 0, 0]
